0.99750
1.00008
0.99923
0.99794
0.99718
0.99625
0.99742
0.99567
0.99686
0.99763
0.99624
0.99565
0.99766
0.99801
0.99794
0.99750
0.99839
0.99721
0.99723
0.99893
0.99761
0.99728
0.99793
0.99977
0.99741
0.99798
0.99798
0.99746
0.99798
0.99642
0.99798
0.99906
0.99935
0.99791
0.99831
0.99750
0.99808
0.99760
0.99865
0.99753
0.99862
0.99752
0.99808
0.99977
0.99764
0.99876
0.99793
0.99876
0.99798
0.99633
0.99977
0.99697
0.99790
0.99646
0.99784
0.99804
0.99751
0.99708
0.99977
0.99742
0.99798
0.99693
0.99885
0.99790
0.99808
0.99817
0.99750
0.99781
0.99808
0.99782
0.99867
0.99693
0.99766
0.99711
0.99607
0.99893
0.99814
0.99867
0.99853
0.99693
0.99865
0.99893
0.99709
0.99705
0.99752
0.99669
0.99750
0.99807
0.99693
0.99793
0.99752
0.99605
0.99840
0.99867
0.99735
0.99998
0.99750
0.99859
0.99738
0.99793
0.99838
0.99635
0.99865
0.99798
0.99867
0.99764
0.99752
0.99782
0.99717
0.99771
0.99586
0.99793
0.99865
0.99795
0.99750
0.99925
0.99865
0.99782
0.99721
0.99779
0.99750
0.99635
0.99634
0.99777
0.99693
0.99700
0.99762
0.99758
0.99755
0.99290
0.99351
0.99584
0.98990
0.99351
0.99375
0.99010
0.99312
0.98960
0.99311
0.99383
0.99351
0.99308
0.99315
0.98960
0.98960
0.99290
0.99314
0.99342
0.99369
0.99264
0.99342
0.99369
0.99310
0.99428
0.99290
0.99347
0.99383
0.99321
0.99361
0.99375
0.99320
0.99308
0.99304
0.99251
0.99264
0.99369
0.99314
0.98960
0.98775
0.99394
0.99394
0.99314
0.99315
0.98990
0.99428
0.99369
0.99304
0.99311
0.99304
0.99311
0.99361
0.99315
0.99394
0.99205
0.99304
0.98990
0.99267
0.99205
0.99290
0.99342
0.99375
0.99361
0.99290
0.99347
0.99312
0.99428
