1.4408
1.4023
0.9875
0.9559
0.9053
0.8641
0.8599
0.8571
0.8536
0.8240
0.8234
0.7673
0.7642
0.7461
0.6723
0.6555
0.6529
0.6454
0.6403
0.6398
0.6359
0.6228
0.6184
0.6181
0.6048
0.5987
0.5985
0.5937
0.5864
0.5850
0.5766
0.5749
0.5742
0.5717
0.5596
0.5466
0.5365
0.5334
0.5322
0.5317
0.5265
0.5238
0.5232
0.5227
0.5186
0.5152
0.5130
0.5115
0.5069
0.5018
0.5004
0.5002
0.4966
0.4938
0.4923
0.4921
0.4907
0.4843
0.4840
0.4832
0.4828
0.4786
0.4765
0.4757
0.4756
0.4744
0.4689
0.4685
0.4668
0.4666
0.4612
0.4586
0.4570
0.4560
0.4535
0.4529
0.4526
0.4522
0.4512
0.4509
0.4483
0.4468
0.4439
0.4417
0.4393
0.4389
0.4388
0.4369
0.4347
0.4326
0.4317
0.4313
0.4291
0.4286
0.4217
0.4196
0.4196
0.4177
0.4167
0.4140
0.4135
0.4121
0.4119
0.4118
0.4102
0.4099
0.4095
0.4090
0.4059
0.4056
0.4053
0.4052
0.4051
0.4018
0.4005
0.3983
0.3974
0.3952
0.3949
0.3942
0.3904
0.3894
0.3878
0.3872
0.3867
0.3866
0.3854
0.3834
0.3813
0.3798
0.3779
0.3771
0.3758
0.3756
0.3736
0.3733
0.3732
0.3728
0.3724
0.3716
0.3715
0.3708
0.3699
0.3699
0.3670
0.3663
0.3637
0.3633
0.3629
0.3623
0.3620
0.3613
0.3605
0.3595
0.3573
0.3558
0.3533
0.3523
0.3514
0.3491
0.3448
0.3445
0.3435
0.3422
0.3420
0.3404
0.3380
0.3361
0.3355
0.3344
0.3332
0.3299
0.3296
0.3271
0.3267
0.3252
0.3249
0.3231
0.3215
0.3193
0.3193
0.3177
0.3157
0.3155
0.3154
0.3144
0.3137
0.3135
0.3101
0.3073
0.3045
0.3028
0.3005
0.3000
0.2980
0.2963
0.2958
0.2927
0.2913
0.2900
0.2898
0.2893
0.2876
0.2870
0.2858
0.2837
0.2834
0.2825
0.2824
0.2822
0.2809
0.2791
0.2774
0.2750
0.2742
0.2740
0.2732
0.2727
0.2719
0.2704
0.2675
0.2661
0.2649
0.2648
0.2626
0.2619
0.2610
0.2599
0.2589
0.2589
0.2584
0.2580
0.2577
0.2561
0.2553
0.2544
0.2536
0.2524
0.2503
0.2482
0.2461
0.2450
0.2447
0.2442
0.2437
0.2436
0.2427
0.2410
0.2407
0.2405
0.2395
0.2387
0.2387
0.2383
0.2378
0.2375
0.2373
0.2357
0.2356
0.2346
0.2345
0.2341
0.2338
0.2335
0.2333
0.2323
0.2322
0.2317
0.2310
0.2290
0.2286
0.2279
0.2276
0.2271
0.2243
0.2238
0.2233
0.2231
0.2227
0.2220
0.2207
0.2204
0.2182
0.2155
0.2146
0.2145
0.2145
0.2133
0.2131
0.2128
0.2124
0.2105
0.2102
0.2101
0.2099
0.2099
0.2095
0.2064
0.2063
0.2062
0.2057
0.2053
0.2043
0.2041
0.2032
0.2027
0.2023
0.2013
0.2003
0.2002
0.1992
0.1989
0.1980
0.1977
0.1969
0.1965
0.1964
0.1963
0.1956
0.1951
0.1940
0.1938
0.1936
0.1931
0.1928
0.1923
0.1903
0.1895
0.1890
0.1850
0.1845
0.1837
0.1817
0.1813
0.1808
0.1805
0.1797
0.1796
0.1791
0.1787
0.1782
0.1771
0.1771
0.1756
0.1753
0.1740
0.1738
0.1737
0.1730
0.1721
0.1712
0.1701
0.1690
0.1680
0.1679
0.1676
0.1663
0.1659
0.1642
0.1641
0.1637
0.1631
0.1610
0.1608
0.1601
0.1596
0.1585
0.1583
0.1581
0.1576
0.1574
0.1554
0.1551
0.1531
0.1531
0.1529
0.1518
0.1517
0.1511
0.1509
0.1503
0.1502
0.1489
0.1481
0.1478
0.1477
0.1464
0.1461
0.1451
0.1432
0.1430
0.1422
0.1414
0.1406
0.1402
0.1397
0.1390
0.1381
0.1371
0.1366
0.1357
0.1352
0.1351
0.1351
0.1333
0.1330
0.1320
0.1312
0.1305
0.1295
0.1294
0.1291
0.1289
0.1283
0.1263
0.1259
0.1249
0.1240
0.1232
0.1219
0.1208
0.1206
0.1199
0.1190
0.1183
0.1169
0.1159
0.1151
0.1143
0.1137
0.1130
0.1113
0.1106
0.1096
0.1094
0.1094
0.1093
0.1065
0.1064
0.1062
0.1057
0.1045
0.1041
0.1036
0.1024
0.1023
0.1016
0.1013
0.1011
0.0998
0.0995
0.0993
0.0991
0.0987
0.0981
0.0977
0.0962
0.0955
0.0953
0.0942
0.0942
0.0935
0.0916
0.0916
0.0892
0.0879
0.0875
0.0874
0.0865
0.0862
0.0851
0.0850
0.0840
0.0824
0.0820
0.0800
0.0781
0.0769
0.0758
0.0752
0.0749
0.0739
0.0720
0.0719
0.0716
0.0712
0.0705
0.0694
0.0687
0.0686
0.0678
0.0669
0.0664
0.0651
0.0636
0.0635
0.0629
0.0575
0.0574
0.0573
0.0568
0.0568
0.0567
0.0561
0.0560
0.0551
0.0538
0.0522
0.0516
0.0508
0.0500
0.0497
0.0496
0.0488
0.0485
0.0476
0.0460
0.0454
0.0445
0.0437
0.0430
0.0424
0.0415
0.0399
0.0398
0.0395
0.0391
0.0372
0.0359
0.0356
0.0342
0.0337
0.0333
0.0331
0.0320
0.0310
0.0299
0.0286
0.0277
0.0263
0.0256
0.0228
0.0210
0.0209
0.0181
0.0181
0.0178
0.0170
0.0155
0.0129
0.0121
0.0112
