1 -302.34316 -272.34809
2 -260.67188 -271.87047
3 -219.26582 -271.79771
4 -177.92866 -272.50566
5 -135.30314 -272.36311
6 -93.69530 -272.71924
7 -52.01935 -270.90090
8 -9.90178 -272.08194
9 31.62790 -270.79657
10 73.99901 -271.57756
11 114.87301 -270.84684
12 157.20177 -272.27903
13 199.21684 -270.95316
14 240.02349 -271.66803
15 282.60236 -271.25069
16 324.04340 -271.81466
32 302.26467 -235.72925
48 323.77369 -199.03873
64 302.94762 -163.56619
80 323.34610 -125.91853
96 302.93461 -90.10301
112 323.61020 -54.22890
128 302.20313 -18.92499
144 322.95669 17.82647
160 302.53385 54.15494
176 323.94281 89.71055
192 302.24372 125.43821
208 323.47396 163.01342
224 302.13140 198.75864
240 322.20015 234.93717
256 301.22336 271.91467
255 260.82161 271.89039
254 218.76929 271.27992
253 177.37868 272.36764
252 135.98025 270.60561
251 94.08069 271.61647
250 51.67586 271.24065
249 10.65562 271.32491
248 -30.85990 271.95016
247 -72.80147 271.71742
246 -115.51931 271.64395
245 -156.65057 271.93031
244 -197.84143 271.63800
243 -238.80720 272.45002
242 -282.20396 272.28839
241 -324.38926 272.36972
225 -301.23543 236.25401
209 -324.51855 198.58887
193 -302.40501 164.50733
177 -323.66284 126.94864
161 -302.58741 91.51131
145 -322.87019 54.37648
129 -302.91715 18.04497
113 -324.52118 -17.65565
97 -302.01102 -55.18807
81 -323.58332 -90.04659
65 -302.50930 -126.55871
49 -323.47870 -162.71584
33 -302.20098 -199.13811
17 -325.66462 -236.48809
136 -10.48589 17.80599
137 31.05090 18.51285
120 -31.37651 -18.64859
