date	site	mir	width	height	x_offset	y_offset
20110606	0	1	28	24.75	0	0
20110606	0	2	28	24.75	0	0
20110606	0	3	28	24.75	0	0
20110606	0	4	28	24.75	0	0
20110606	0	5	28	24.75	0	0
20110606	0	6	28	24.75	0	0
20110606	0	7	28	24.75	0	0
20110606	0	8	28	24.75	0	0
20110606	0	9	28	24.75	0	0
20110606	0	10	28	24.75	0	0
20110606	0	11	28	24.75	0	0
20110606	0	12	28	24.75	0	0
20110606	0	13	28	24.75	0	0
20110606	0	14	28	24.75	0	0
20110713	0	1	28	24.75	0	0
20110713	0	2	28	24.75	0	0
20110713	0	3	28	24.75	0	0
20110713	0	4	28	24.75	0	0
20110713	0	5	28	24.75	0	0
20110713	0	6	28	24.75	0	0
20110713	0	7	28	24.75	0	0
20110713	0	8	28	24.75	0	0
20110713	0	9	28	24.75	0	0
20110713	0	10	28	24.75	0	0
20110713	0	11	28	24.75	0	0
20110713	0	12	28	24.75	0	0
20110713	0	13	28	24.75	0	0
20110713	0	14	28	24.75	0	0
20110721	1	5	1023	877	0	0
20120126	0	1	28	24.75	0	0
20120126	0	2	28	24.75	0	0
20120126	0	3	28	24.75	0	0
20120126	0	4	28	24.75	0	0
20120126	0	5	28	24.75	0	0
20120126	0	6	28	24.75	0	0
20120126	0	7	28	24.75	0	0
20120126	0	8	28	24.75	0	0
20120126	0	9	28	24.75	0	0
20120126	0	10	28	24.75	0	0
20120126	0	11	28	24.75	0	0
20120126	0	12	28	24.75	0	0
20120126	0	13	28	24.75	0	0
20120126	0	14	28	24.75	0	0
20120127	0	1	28	24.75	0	0
20120127	0	2	28	24.75	0	0
20120127	0	3	28	24.75	0	0
20120127	0	4	28	24.75	0	0
20120127	0	5	28	24.75	0	0
20120127	0	6	28	24.75	0	0
20120127	0	7	28	24.75	0	0
20120127	0	8	28	24.75	0	0
20120127	0	9	28	24.75	0	0
20120127	0	10	28	24.75	0	0
20120127	0	11	28	24.75	0	0
20120127	0	12	28	24.75	0	0
20120127	0	13	28	24.75	0	0
20120127	0	14	28	24.75	0	0
20120211	0	1	28	24.75	0	0
20120211	0	2	28	24.75	0	0
20120211	0	3	28	24.75	0	0
20120211	0	4	28	24.75	0	0
20120211	0	5	28	24.75	0	0
20120211	0	6	28	24.75	0	0
20120211	0	7	28	24.75	0	0
20120211	0	8	28	24.75	0	0
20120211	0	9	28	24.75	0	0
20120211	0	10	28	24.75	0	0
20120211	0	11	28	24.75	0	0
20120211	0	12	28	24.75	0	0
20120211	0	13	28	24.75	0	0
20120211	0	14	28	24.75	0	0
20120306	1	2	1160	1010	0	0
20120322	2	8	1160	1010	0	0
20120322	2	9	1160	1010	0	0
20120322	2	11	1160	1010	0	0
20120322	2	10	1160	1010	0	0
20120410	2	0	1048	935	0	0
20120410	2	1	1048	935	0	0
20120410	2	2	1048	935	0	0
20120410	2	3	1048	935	0	0
20120410	2	4	1048	935	7.66	26.6
20120410	2	5	1048	935	4.145	27.476
20120410	2	6	1048	935	9.05	24.05
20120410	2	7	1048	935	0.59	23.8
20120410	2	8	1048	935	0	0
20120410	2	9	1048	935	0	0
20120410	2	10	1048	935	0	0
20120410	2	11	1048	935	0	0
20120424	2	0	1048	935	5.47	25.75
20120424	2	1	1048	935	0	0
20120424	2	2	1048	935	0.0005	29.75
20120424	2	3	1048	935	0	0
20120424	2	4	1048	935	0	0
20120424	2	5	1048	935	0	0
20120424	2	6	1048	935	0	0
20120424	2	7	1048	935	0	0
20120424	2	8	1048	935	0	0
20120424	2	9	1048	935	0	0
20120424	2	10	1048	935	0	0
20120424	2	11	1048	935	0	0
20120515	2	3	1048	935	0	0
20120515	2	1	1048	935	0	0
20120515	2	5	1048	935	0	0
20120515	2	10	1048	935	0	0