4 1 2019/07/21 08:19:47.00 30 HD012447 9.6830 94.2020 -3.6931 -0.9346 -3.2344 -0.9524 0.4591
4 1 2019/07/21 08:21:47.00 30 HD012447 10.0680 94.5240 -4.2298 -0.2768 -3.9948 -0.2639 0.2353
4 1 2019/07/21 08:23:47.00 30 HD012447 10.4520 94.8480 -4.7664 0.3819 -4.7322 -0.2054 0.5883
4 1 2019/07/21 08:25:47.00 30 HD012447 10.8360 95.1720 -5.3030 1.0415 -5.2233 0.9870 0.0965
4 1 2019/07/21 08:27:47.00 30 HD012447 11.2200 95.4960 -5.8398 1.7020 -6.2210 1.8991 0.4291
4 1 2019/07/21 08:29:47.00 30 HD012447 11.6040 95.8210 -6.3767 2.3636 -6.5286 2.1775 0.2402
4 1 2019/07/21 08:31:47.00 30 HD012447 11.9880 96.1470 -6.9139 3.0263 -6.8138 2.9152 0.1495
4 1 2019/07/21 08:33:47.00 30 HD012447 12.3720 96.4740 -7.4514 3.6903 -7.1998 3.5250 0.3010
4 1 2019/07/21 08:35:47.00 30 HD012447 12.7560 96.8010 -7.9894 4.3555 -7.5092 4.1085 0.5400
4 1 2019/07/21 08:37:47.00 30 HD016970 5.5360 90.1440 3.1527 -8.0124 3.0100 -8.3404 0.3577
4 1 2019/07/21 08:37:47.00 30 HD012447 13.1390 97.1300 -8.5279 5.0222 -7.9816 5.1856 0.5702
4 1 2019/07/21 08:37:47.00 30 HD015318 11.6850 88.4140 5.9810 2.4962 5.8717 2.5033 0.1095
4 1 2019/07/21 08:37:47.00 30 HD013611 14.8480 90.4950 2.4834 7.8625 2.4503 8.5226 0.6609
4 1 2019/07/21 08:39:47.00 30 HD016970 5.9180 90.4620 2.6094 -7.3608 3.0235 -8.0062 0.7668
4 1 2019/07/21 08:39:47.00 30 HD012447 13.5230 97.4590 -9.0670 5.6903 -8.7963 5.5539 0.3031
4 1 2019/07/21 08:39:47.00 30 HD015318 12.0710 88.7300 5.4469 3.1478 5.5099 2.8918 0.2636
4 1 2019/07/21 08:39:47.00 30 HD013611 15.2350 90.8130 1.9551 8.5219 2.2187 8.2119 0.4069
4 1 2019/07/21 08:41:48.00 30 HD016970 6.3030 90.7830 2.0627 -6.7033 2.1491 -6.8859 0.2020
4 1 2019/07/21 08:41:48.00 30 HD012447 13.9090 97.7920 -9.6112 6.3656 -9.5064 5.9465 0.4320
4 1 2019/07/21 08:41:48.00 30 HD015318 12.4610 89.0480 4.9093 3.8056 5.5615 3.2531 0.8547
4 1 2019/07/21 08:41:48.00 30 HD013611 15.6250 91.1350 1.4227 9.1881 1.5532 9.0076 0.2227
4 1 2019/07/21 08:45:48.00 30 HD018884 3.9890 87.7540 7.2591 -10.6536 6.9907 -11.0251 0.4583
4 1 2019/07/21 08:45:48.00 30 HD016970 7.0690 91.4200 0.9811 -5.3978 0.8046 -5.5956 0.2651
4 1 2019/07/21 08:45:48.00 30 HD012447 14.6750 98.4550 -10.6932 7.7101 -10.4895 6.9131 0.8226
4 1 2019/07/21 08:45:48.00 30 HD015318 13.2330 89.6810 3.8455 5.1128 3.7597 4.8887 0.2400
4 1 2019/07/21 08:45:48.00 30 HD013611 16.3990 91.7760 0.3676 10.5144 0.2153 10.3611 0.2161
4 1 2019/07/21 08:47:48.00 30 HD018884 4.3670 88.0710 6.7082 -10.0054 6.2397 -9.9749 0.4695
4 1 2019/07/21 08:47:48.00 30 HD016970 7.4520 91.7380 0.4415 -4.7445 0.3047 -4.9044 0.2105
4 1 2019/07/21 08:47:48.00 30 HD012447 15.0570 98.7880 -11.2355 8.3851 -11.0657 8.2229 0.2349
4 1 2019/07/21 08:49:48.00 30 HD018884 4.7460 88.3870 6.1589 -9.3563 6.0166 -9.2820 0.1605
4 1 2019/07/21 08:49:48.00 30 HD016970 7.8360 92.0580 -0.0973 -4.0907 0.0133 -4.2111 0.1635
4 1 2019/07/21 08:49:48.00 30 HD012447 15.4390 99.1210 -11.7789 9.0622 -11.7072 8.7263 0.3434
4 1 2019/07/21 08:49:48.00 30 HD015318 14.0060 90.3170 2.7846 6.4242 2.6091 6.2193 0.2698
4 1 2019/07/21 08:51:48.00 30 HD018884 5.1260 88.7040 5.6110 -8.7065 5.5199 -8.6611 0.1018
4 1 2019/07/21 08:51:48.00 30 HD016970 8.2200 92.3770 -0.6356 -3.4364 -0.7738 -3.4956 0.1504
4 1 2019/07/21 08:51:48.00 30 HD012447 15.8210 99.4570 -12.3233 9.7412 -11.9497 9.3639 0.5310
4 1 2019/07/21 08:51:48.00 30 HD015318 14.3930 90.6350 2.2550 7.0816 2.2777 6.7425 0.3399
4 1 2019/07/21 08:55:48.00 30 HD018884 5.8880 89.3380 4.5195 -7.4051 4.4341 -7.3720 0.0915
4 1 2019/07/21 08:55:48.00 30 HD016970 8.9890 93.0180 -1.7105 -2.1263 -1.8742 -2.0926 0.1672
4 1 2019/07/21 08:55:48.00 30 HD017094 12.9480 87.2900 7.8313 4.6814 7.6684 4.6085 0.1784
4 1 2019/07/21 08:55:48.00 30 HD015318 15.1660 91.2730 1.1972 8.4004 1.0939 8.5653 0.1945
4 1 2019/07/21 08:57:48.00 30 HD018884 6.2700 89.6550 3.9756 -6.7537 3.8555 -6.7890 0.1251
4 1 2019/07/21 08:57:48.00 30 HD016970 9.3730 93.3390 -2.2473 -1.4704 -2.1918 -1.7684 0.3031
4 1 2019/07/21 08:57:48.00 30 HD017094 13.3340 87.6040 7.2990 5.3321 7.3087 5.1058 0.2265
4 1 2019/07/21 08:57:48.00 30 HD015318 15.5530 91.5940 0.6688 9.0620 0.8825 8.8938 0.2720
4 1 2019/07/21 08:59:48.00 30 HD018884 6.6530 89.9730 3.4329 -6.1019 3.3262 -6.0713 0.1109
4 1 2019/07/21 08:59:48.00 30 HD016970 9.7570 93.6600 -2.7838 -0.8138 -2.7802 -0.6956 0.1183
4 1 2019/07/21 08:59:48.00 30 HD015318 15.9400 91.9140 0.1406 9.7251 0.3225 9.5804 0.2324
4 1 2019/07/21 09:01:48.00 30 HD018884 7.0360 90.2900 2.8912 -5.4498 2.8721 -5.4978 0.0516
4 1 2019/07/21 09:01:48.00 30 HD016970 10.1420 93.9820 -3.3200 -0.1566 -3.2452 -0.3577 0.2147
4 1 2019/07/21 09:01:48.00 30 HD017094 14.1070 88.2320 6.2374 6.6363 6.2085 6.5450 0.0958
4 1 2019/07/21 09:03:48.00 30 HD018884 7.4190 90.6080 2.3506 -4.7974 2.2032 -4.8744 0.1663
4 1 2019/07/21 09:03:48.00 30 HD016970 10.5270 94.3050 -3.8562 0.5015 -3.8716 0.1179 0.3839
4 1 2019/07/21 09:03:48.00 30 HD017094 14.4930 88.5470 5.7080 7.2899 5.6237 7.1979 0.1249
4 1 2019/07/21 09:05:48.00 30 HD018884 7.8030 90.9260 1.8108 -4.1445 1.6766 -4.2778 0.1891
4 1 2019/07/21 09:05:48.00 30 HD016970 10.9110 94.6280 -4.3922 1.1605 -4.2860 1.0911 0.1269
4 1 2019/07/21 09:07:48.00 30 HD018884 8.1870 91.2450 1.2719 -3.4913 1.2060 -3.4875 0.0660
4 1 2019/07/21 09:07:48.00 30 HD016970 11.2960 94.9520 -4.9283 1.8204 -4.8684 1.8233 0.0600
4 1 2019/07/21 09:09:48.00 30 HD018884 8.5720 91.5640 0.7338 -2.8377 0.6586 -2.8825 0.0875
4 1 2019/07/21 09:09:48.00 30 HD016970 11.6800 95.2770 -5.4645 2.4813 -5.4782 2.4336 0.0496
4 1 2019/07/21 09:09:48.00 30 HD021120 7.3220 84.1390 13.3575 -4.8503 13.5344 -5.4031 0.5804
4 1 2019/07/21 09:11:48.00 30 HD018884 8.9560 91.8830 0.1963 -2.1836 0.1880 -2.0725 0.1113
4 1 2019/07/21 09:11:48.00 30 HD016970 12.0640 95.6020 -6.0008 3.1433 -6.0314 3.0706 0.0788
4 1 2019/07/21 09:13:48.00 30 HD018884 9.3410 92.2030 -0.3406 -1.5289 -0.3900 -1.4849 0.0662
4 1 2019/07/21 09:13:48.00 30 HD016970 12.4490 95.9280 -6.5374 3.8065 -5.8863 3.6053 0.6815
4 1 2019/07/21 09:13:48.00 30 HD021120 8.0860 84.7640 12.2543 -3.5559 12.0402 -3.9078 0.4119
4 1 2019/07/21 09:15:48.00 30 HD018884 9.7260 92.5230 -0.8769 -0.8737 -0.9412 -0.8727 0.0643
4 1 2019/07/21 09:15:48.00 30 HD016970 12.8330 96.2550 -7.0744 4.4710 -6.7556 4.4412 0.3201
4 1 2019/07/21 09:15:48.00 30 HD021120 8.4690 85.0770 11.7056 -2.9086 11.5407 -3.1908 0.3268
4 1 2019/07/21 09:17:48.00 30 HD018884 10.1110 92.8440 -1.4129 -0.2178 -1.4314 -0.2103 0.0200
4 1 2019/07/21 09:17:48.00 30 HD016970 13.2170 96.5820 -7.6117 5.1368 -7.3346 5.0273 0.2980
4 1 2019/07/21 09:17:48.00 30 HD021120 8.8520 85.3900 11.1588 -2.2613 11.1386 -2.5800 0.3194
4 1 2019/07/21 09:19:48.00 30 HD018884 10.4960 93.1650 -1.9485 0.4388 -2.0345 0.4826 0.0966
4 1 2019/07/21 09:19:48.00 30 HD016970 13.6010 96.9100 -8.1496 5.8041 -8.2229 5.9596 0.1719
4 1 2019/07/21 09:19:48.00 30 HD021120 9.2360 85.7020 10.6137 -1.6138 10.3835 -1.7497 0.2674
4 1 2019/07/21 09:21:48.00 30 HD018884 10.8810 93.4870 -2.4838 1.0962 -2.5103 1.1021 0.0272
4 1 2019/07/21 09:21:48.00 30 HD016970 13.9840 97.2400 -8.6880 6.4730 -8.5219 6.4008 0.1812
4 1 2019/07/21 09:21:48.00 30 HD021120 9.6200 86.0150 10.0702 -0.9661 10.0424 -1.1139 0.1504
4 1 2019/07/21 09:23:49.00 30 HD018884 11.2690 93.8120 -3.0233 1.7599 -3.0324 1.7030 0.0576
4 1 2019/07/21 09:23:49.00 30 HD016970 14.3710 97.5730 -9.2316 7.1491 -9.0838 6.8240 0.3572
4 1 2019/07/21 09:23:49.00 30 HD021120 10.0080 86.3310 9.5239 -0.3127 9.4209 -0.6164 0.3207
4 1 2019/07/21 09:25:49.00 30 HD018884 11.6540 94.1350 -3.5583 2.4191 -3.5421 2.3663 0.0552
4 1 2019/07/21 09:25:49.00 30 HD016970 14.7540 97.9040 -9.7715 7.8214 -9.8111 7.5645 0.2599
4 1 2019/07/21 09:25:49.00 30 HD021120 10.3930 86.6440 8.9836 0.3355 8.7559 0.3241 0.2280
4 1 2019/07/21 09:27:49.00 30 HD018884 12.0390 94.4580 -4.0933 3.0793 -4.1323 3.1823 0.1101
4 1 2019/07/21 09:27:49.00 30 HD016970 15.1370 98.2360 -10.3122 8.4955 -10.0867 8.4652 0.2275
4 1 2019/07/21 09:27:49.00 30 HD021120 10.7780 86.9580 8.4447 0.9841 8.4801 0.8472 0.1414
4 1 2019/07/21 09:29:49.00 30 HD018884 12.4240 94.7830 -4.6283 3.7407 -4.6285 3.7871 0.0464
4 1 2019/07/21 09:29:49.00 30 HD016970 15.5200 98.5690 -10.8539 9.1716 -10.3448 9.1044 0.5135
4 1 2019/07/21 09:29:49.00 30 HD021120 11.1630 87.2720 7.9072 1.6333 7.8681 1.4609 0.1768
4 1 2019/07/21 09:31:49.00 30 HD018884 12.8090 95.1080 -5.1635 4.4032 -5.1377 4.4470 0.0508
4 1 2019/07/21 09:31:49.00 30 HD016970 15.9020 98.9030 -11.3965 9.8497 -10.6459 9.6343 0.7809
4 1 2019/07/21 09:31:49.00 30 HD021120 11.5490 87.5860 7.3709 2.2829 7.2246 2.3498 0.1609
4 1 2019/07/21 09:33:49.00 30 HD018884 13.1940 95.4330 -5.6989 5.0670 -5.7332 5.1128 0.0572
4 1 2019/07/21 09:33:49.00 30 HD021120 11.9340 87.9000 6.8358 2.9331 6.8639 2.8943 0.0479
4 1 2019/07/21 09:35:49.00 30 HD018884 13.5780 95.7600 -6.2345 5.7322 -6.1080 5.7405 0.1268
4 1 2019/07/21 09:35:49.00 30 HD021120 12.3200 88.2150 6.3018 3.5841 6.1818 3.5329 0.1304
4 1 2019/07/21 09:37:49.00 30 HD018884 13.9630 96.0870 -6.7706 6.3989 -6.7495 6.4462 0.0518
4 1 2019/07/21 09:37:49.00 30 HD021120 12.7070 88.5300 5.7688 4.2358 5.6509 4.2241 0.1185
4 1 2019/07/21 09:39:49.00 30 HD018884 14.3470 96.4150 -7.3071 7.0671 -7.0486 6.9597 0.2799
4 1 2019/07/21 09:39:49.00 30 HD021120 13.0930 88.8450 5.2368 4.8883 5.2588 4.9744 0.0888
4 1 2019/07/21 09:41:49.00 30 HD018884 14.7310 96.7440 -7.8441 7.7370 -7.7526 7.6996 0.0988
4 1 2019/07/21 09:41:49.00 30 HD021120 13.4790 89.1610 4.7056 5.5418 4.9097 5.3184 0.3027
4 1 2019/07/21 09:43:49.00 30 HD018884 15.1150 97.0740 -8.3818 8.4086 -8.1891 8.4160 0.1928
4 1 2019/07/21 09:43:49.00 30 HD021120 13.8660 89.4780 4.1752 6.1964 4.0798 6.0316 0.1904
4 1 2019/07/21 09:45:49.00 30 HD018884 15.4990 97.4050 -8.9202 9.0821 -8.6612 8.8794 0.3289
4 1 2019/07/21 09:45:49.00 30 HD021120 14.2520 89.7950 3.6455 6.8520 3.6967 6.8083 0.0673
4 1 2019/07/21 09:47:49.00 30 HD018884 15.8830 97.7370 -9.4593 9.7576 -9.2005 9.6227 0.2919
4 1 2019/07/21 09:47:49.00 30 HD021120 14.6390 90.1120 3.1165 7.5088 3.1243 7.4717 0.0379
4 1 2019/07/21 09:49:49.00 30 HD018884 16.2660 98.0700 -9.9994 10.4351 -9.6874 10.1681 0.4107
4 1 2019/07/21 09:49:49.00 30 HD021120 15.0260 90.4300 2.5880 8.1670 2.6936 8.0637 0.1478
4 1 2019/07/21 09:51:49.00 30 HD018884 16.6490 98.4040 -10.5404 11.1148 -10.2899 10.6204 0.5543
4 1 2019/07/21 09:51:49.00 30 HD021120 15.4120 90.7490 2.0599 8.8265 2.0259 8.8459 0.0392
4 1 2019/07/21 09:51:49.00 30 HD021364 15.3910 89.8020 3.6200 8.8029 3.7516 8.8230 0.1332
4 1 2019/07/21 09:53:49.00 30 HD021120 15.7990 91.0680 1.5322 9.4876 1.4038 9.4574 0.1320
4 1 2019/07/21 09:53:49.00 30 HD021364 15.7780 90.1200 3.0929 9.4619 2.8730 9.6476 0.2878
4 2 2019/07/22 09:39:57.00 30 HD018322 7.7890 108.0970 -0.1628 -4.1706 -0.6424 -3.9233 0.5396
4 2 2019/07/22 09:41:57.00 30 HD018322 8.1540 108.4310 -0.7259 -3.5487 -1.1394 -3.2510 0.5095
4 2 2019/07/22 09:43:57.00 30 HD018322 8.5180 108.7660 -1.2896 -2.9274 -1.6946 -2.7336 0.4490
4 2 2019/07/22 09:45:57.00 30 HD018322 8.8820 109.1030 -1.8541 -2.3066 -2.3610 -2.0850 0.5533
4 2 2019/07/22 09:45:57.00 30 HD018331 12.2860 105.1400 4.7588 3.5057 4.6167 3.6811 0.2258
4 2 2019/07/22 09:45:57.00 30 HD018953 8.5410 107.1400 1.4465 -2.8885 1.6476 -2.9032 0.2017
4 2 2019/07/22 09:47:57.00 30 HD018322 9.2460 109.4410 -2.4193 -1.6862 -2.8698 -1.4713 0.4991
4 2 2019/07/22 09:47:57.00 30 HD018331 12.6580 105.4800 4.1872 4.1351 3.8371 4.3913 0.4339
4 2 2019/07/22 09:47:57.00 30 HD019107 8.6760 107.1490 1.4308 -2.6583 1.1797 -2.5083 0.2925
4 2 2019/07/22 09:49:57.00 30 HD018322 9.6090 109.7800 -2.9854 -1.0662 -3.4441 -0.8870 0.4924
4 2 2019/07/22 09:49:57.00 30 HD018331 13.0300 105.8220 3.6152 4.7645 3.3372 4.8972 0.3080
4 2 2019/07/22 09:51:57.00 30 HD018322 9.9710 110.1200 -3.5525 -0.4465 -3.9331 -0.1475 0.4840
4 2 2019/07/22 09:51:57.00 30 HD018331 13.4020 106.1640 3.0427 5.3937 2.6512 5.6559 0.4712
4 2 2019/07/22 09:53:57.00 30 HD018322 10.3320 110.4610 -4.1206 0.1729 -4.5927 0.4586 0.5518
4 2 2019/07/22 09:53:57.00 30 HD018331 13.7730 106.5080 2.4697 6.0230 2.1484 6.2173 0.3755
4 2 2019/07/22 09:55:57.00 30 HD018322 10.6930 110.8040 -4.6899 0.7921 -5.1002 1.0753 0.4985
4 2 2019/07/22 09:55:57.00 30 HD020320 7.2260 107.4840 0.8712 -5.1302 0.2804 -4.4874 0.8731
4 2 2019/07/22 09:55:57.00 30 HD019994 12.7820 102.1710 9.7085 4.4359 9.5559 4.4341 0.1526
4 2 2019/07/22 09:55:57.00 30 HD018331 14.1430 106.8530 1.8960 6.6525 1.5021 6.7669 0.4103
4 2 2019/07/22 09:55:57.00 30 HD018953 10.3730 108.8270 -1.3839 0.2275 -1.0860 0.1618 0.3050
4 2 2019/07/22 09:59:57.00 30 HD018322 11.4130 111.4940 -5.8321 2.0303 -6.2297 2.3814 0.5305
4 2 2019/07/22 09:59:57.00 30 HD020320 7.9570 108.1510 -0.2540 -3.8849 -0.6381 -3.7549 0.4055
4 2 2019/07/22 09:59:57.00 30 HD019994 13.5370 102.8450 8.5587 5.7032 8.2186 5.6898 0.3404
4 2 2019/07/22 09:59:57.00 30 HD018543 15.1190 106.4740 2.5152 8.3266 2.1111 8.4326 0.4179
4 2 2019/07/22 09:59:57.00 30 HD018953 11.1010 109.5100 -2.5212 1.4715 -2.5282 1.4386 0.0336
4 2 2019/07/22 10:03:57.00 30 HD022049 5.1570 106.4830 2.5801 -8.6649 2.4344 -8.4058 0.2973
4 2 2019/07/22 10:03:57.00 30 HD018322 12.1300 112.1890 -6.9798 3.2685 -7.4132 3.6702 0.5909
4 2 2019/07/22 10:03:57.00 30 HD020320 8.6860 108.8210 -1.3815 -2.6418 -1.7020 -2.4137 0.3934
4 2 2019/07/22 10:03:57.00 30 HD019994 14.2900 103.5240 7.4092 6.9700 7.1507 7.4147 0.5144
4 2 2019/07/22 10:03:57.00 30 HD018543 15.8600 107.1710 1.3628 9.5906 1.7082 9.6730 0.3551
4 2 2019/07/22 10:07:57.00 30 HD022049 5.8860 107.1390 1.4603 -7.4174 1.1720 -7.2996 0.3114
4 2 2019/07/22 10:07:57.00 30 HD018322 12.8430 112.8890 -8.1338 4.5075 -8.5063 4.7964 0.4714
4 2 2019/07/22 10:07:57.00 30 HD021790 9.1650 104.1930 6.4021 -1.7940 6.1976 -1.5716 0.3021
4 2 2019/07/22 10:07:57.00 30 HD020320 9.4130 109.4970 -2.5119 -1.4006 -2.9901 -1.0483 0.5939
4 2 2019/07/22 10:07:57.00 30 HD019994 15.0400 104.2080 6.2591 8.2370 5.9992 8.3009 0.2677
4 2 2019/07/22 10:07:57.00 30 HD018953 12.5510 110.8920 -4.8087 3.9583 -4.5226 4.0562 0.3024
4 2 2019/07/22 10:09:57.00 30 HD023249 4.1770 106.0120 3.3917 -10.3453 2.8734 -10.1269 0.5625
4 2 2019/07/22 10:09:57.00 30 HD022049 6.2510 107.4690 0.9000 -6.7943 0.4940 -6.6249 0.4399
4 2 2019/07/22 10:09:57.00 30 HD018322 13.1990 113.2420 -8.7134 5.1274 -9.0395 5.5383 0.5246
4 2 2019/07/22 10:09:57.00 30 HD021790 9.5380 104.5260 5.8334 -1.1640 5.5771 -0.9213 0.3530
4 2 2019/07/22 10:09:57.00 30 HD020320 9.7760 109.8360 -3.0784 -0.7805 -3.5198 -0.5452 0.5002
4 2 2019/07/22 10:11:57.00 30 HD023249 4.5410 106.3380 2.8327 -9.7218 2.3037 -9.4051 0.6166
4 2 2019/07/22 10:11:57.00 30 HD022049 6.6160 107.8000 0.3394 -6.1718 0.0494 -5.9225 0.3824
4 2 2019/07/22 10:11:57.00 30 HD018322 13.5530 113.5960 -9.2948 5.7478 -9.7534 5.8927 0.4810
4 2 2019/07/22 10:11:57.00 30 HD022484 12.2860 99.5960 14.0694 3.7008 13.4875 3.8578 0.6027
4 2 2019/07/22 10:11:57.00 30 HD021790 9.9110 104.8600 5.2648 -0.5346 4.8822 -0.4838 0.3860
4 2 2019/07/22 10:11:57.00 30 HD020320 10.1380 110.1770 -3.6459 -0.1608 -4.2932 0.1094 0.7015
4 2 2019/07/22 10:13:57.00 30 HD023249 4.9040 106.6640 2.2737 -9.0983 1.9869 -8.9468 0.3244
4 2 2019/07/22 10:13:57.00 30 HD022049 6.9800 108.1310 -0.2217 -5.5499 -0.5861 -5.2474 0.4737
4 2 2019/07/22 10:13:57.00 30 HD018322 13.9070 113.9510 -9.8781 6.3686 -10.1845 6.6743 0.4328
4 2 2019/07/22 10:13:57.00 30 HD022484 12.6670 99.9280 13.4899 4.3380 12.9483 4.4417 0.5514
4 2 2019/07/22 10:13:57.00 30 HD021790 10.2830 105.1960 4.6960 0.0943 4.4352 0.3321 0.3530
4 2 2019/07/22 10:13:57.00 30 HD020320 10.5000 110.5190 -4.2144 0.4587 -4.6774 0.7337 0.5385
4 2 2019/07/22 10:13:57.00 30 HD024555 7.2160 99.6750 14.1611 -5.0180 13.5816 -4.3409 0.8913
4 2 2019/07/22 10:15:57.00 30 HD023249 5.2680 106.9910 1.7146 -8.4751 1.3092 -8.3128 0.4366
4 2 2019/07/22 10:15:57.00 30 HD022049 7.3440 108.4640 -0.7832 -4.9286 -1.2572 -4.6967 0.5276
4 2 2019/07/22 10:15:57.00 30 HD018322 14.2600 114.3090 -10.4634 6.9901 -10.7889 7.2851 0.4393
4 2 2019/07/22 10:15:57.00 30 HD022484 13.0470 100.2610 12.9111 4.9748 12.4593 5.1679 0.4913
4 2 2019/07/22 10:15:57.00 30 HD021790 10.6550 105.5320 4.1271 0.7226 3.8975 1.0007 0.3607
4 2 2019/07/22 10:15:57.00 30 HD020320 10.8610 110.8620 -4.7841 1.0780 -5.2108 1.3198 0.4904
4 2 2019/07/22 10:17:58.00 30 HD023249 5.6350 107.3220 1.1505 -7.8471 0.7982 -7.5879 0.4374
4 2 2019/07/22 10:17:58.00 30 HD022049 7.7110 108.8000 -1.3500 -4.3026 -1.7493 -4.0947 0.4501
4 2 2019/07/22 10:17:58.00 30 HD018322 14.6150 114.6700 -11.0557 7.6174 -11.4374 7.8899 0.4690
4 2 2019/07/22 10:17:58.00 30 HD022484 13.4300 100.5980 12.3280 5.6164 11.8705 5.7424 0.4745
4 2 2019/07/22 10:17:58.00 30 HD021790 11.0300 105.8730 3.5532 1.3557 3.1883 1.6746 0.4846
4 2 2019/07/22 10:17:58.00 30 HD020320 11.2240 111.2090 -5.3598 1.7024 -5.6827 1.9653 0.4164
4 2 2019/07/22 10:17:58.00 30 HD024555 7.9750 100.3310 13.0012 -3.7327 12.4193 -3.5170 0.6206
4 2 2019/07/22 10:19:58.00 30 HD023249 6.0000 107.6520 0.5909 -7.2247 0.2788 -7.0172 0.3748
4 2 2019/07/22 10:19:58.00 30 HD022049 8.0740 109.1350 -1.9128 -3.6823 -2.3045 -3.3991 0.4834
4 2 2019/07/22 10:19:58.00 30 HD018322 14.9660 115.0310 -11.6453 8.2403 -11.9902 8.5282 0.4492
4 2 2019/07/22 10:19:58.00 30 HD022484 13.8100 100.9330 11.7501 6.2525 11.2590 6.4594 0.5330
4 2 2019/07/22 10:19:58.00 30 HD021790 11.4010 106.2110 2.9837 1.9832 2.6948 2.2770 0.4120
4 2 2019/07/22 10:19:58.00 30 HD020320 11.5830 111.5550 -5.9320 2.3216 -6.1728 2.6104 0.3759
4 2 2019/07/22 10:19:58.00 30 HD024555 8.3530 100.6590 12.4249 -3.0942 11.8701 -2.8014 0.6274
4 2 2019/07/22 10:21:58.00 30 HD023249 6.3630 107.9820 0.0309 -6.6028 -0.4138 -6.3415 0.5158
4 2 2019/07/22 10:21:58.00 30 HD022049 8.4370 109.4710 -2.4764 -3.0625 -2.9330 -2.8583 0.5002
4 2 2019/07/22 10:21:58.00 30 HD018322 15.3160 115.3930 -12.2373 8.8641 -12.5507 9.0595 0.3694
4 2 2019/07/22 10:21:58.00 30 HD022484 14.1890 101.2690 11.1727 6.8883 10.8250 7.0665 0.3907
4 2 2019/07/22 10:21:58.00 30 HD021790 11.7710 106.5510 2.4137 2.6104 2.0433 2.9809 0.5239
4 2 2019/07/22 10:21:58.00 30 HD020320 11.9420 111.9030 -6.5057 2.9409 -6.9316 3.2227 0.5107
4 2 2019/07/22 10:21:58.00 30 HD024555 8.7310 100.9870 11.8495 -2.4568 11.3782 -2.4348 0.4718
4 2 2019/07/22 10:25:58.00 30 HD023249 7.0910 108.6450 -1.0905 -5.3607 -1.4078 -5.2605 0.3327
4 2 2019/07/22 10:25:58.00 30 HD022049 9.1610 110.1460 -3.6061 -1.8243 -4.0781 -1.5805 0.5313
4 2 2019/07/22 10:25:58.00 30 HD022484 14.9470 101.9440 10.0186 8.1598 9.6414 8.2468 0.3871
4 2 2019/07/22 10:25:58.00 30 HD021790 12.5100 107.2340 1.2722 3.8643 0.7897 4.1987 0.5871
4 2 2019/07/22 10:25:58.00 30 HD020320 12.6570 112.6010 -7.6576 4.1799 -8.0421 4.4209 0.4537
4 2 2019/07/22 10:25:58.00 30 HD024555 9.4860 101.6460 10.7007 -1.1847 10.3171 -1.1255 0.3882
4 3 2019/07/22 04:21:9.00 30 HD198001 16.0690 117.0750 11.4270 10.1407 11.0294 10.1157 0.3984
4 3 2019/07/22 04:21:9.00 30 HD200761 7.4840 119.3720 7.8297 -4.6493 7.5343 -4.3107 0.4493
4 3 2019/07/22 04:21:9.00 30 HD194943 13.0350 126.3600 -3.9167 4.7759 -4.1547 5.2836 0.5607
4 3 2019/07/22 04:21:9.00 30 HD196777 11.0420 124.5400 -0.9007 1.3640 -1.2708 1.5905 0.4340
4 3 2019/07/22 04:21:9.00 30 HD196662 13.5140 122.4920 2.4981 5.5810 2.3042 5.9941 0.4563
4 3 2019/07/22 04:21:9.00 30 HD193150 13.4820 128.9870 -8.2799 5.6032 -8.3806 5.6604 0.1158
4 3 2019/07/22 04:23:9.00 30 HD200761 7.8180 119.7150 7.2398 -4.0844 6.8286 -3.6450 0.6018
4 3 2019/07/22 04:23:9.00 30 HD194943 13.3460 126.7310 -4.5295 5.3120 -4.8081 5.7397 0.5104
4 3 2019/07/22 04:23:9.00 30 HD200499 6.2220 121.8270 3.6847 -6.8374 3.2422 -6.5498 0.5278
4 3 2019/07/22 04:23:9.00 30 HD196777 11.3590 124.9010 -1.5019 1.9051 -1.8032 2.4131 0.5906
4 3 2019/07/22 04:23:9.00 30 HD196662 13.8390 122.8600 1.8858 6.1331 1.5332 6.6492 0.6250
4 3 2019/07/22 04:25:9.00 30 HD197692 5.4640 128.9840 -8.4875 -8.1064 -8.2362 -7.8818 0.3370
4 3 2019/07/22 04:25:9.00 30 HD203387 5.6980 117.0100 11.9238 -7.6680 11.3647 -7.4738 0.5918
4 3 2019/07/22 04:25:9.00 30 HD194943 13.6550 127.1050 -5.1445 5.8473 -5.5243 6.2080 0.5238
4 3 2019/07/22 04:25:9.00 30 HD200499 6.5460 122.1670 3.1044 -6.2851 2.6580 -5.7338 0.7093
4 3 2019/07/22 04:25:9.00 30 HD196777 11.6750 125.2630 -2.1050 2.4449 -2.3789 2.8478 0.4872
4 3 2019/07/22 04:25:9.00 30 HD196662 14.1630 123.2300 1.2720 6.6842 1.0822 7.1730 0.5243
4 3 2019/07/22 04:25:9.00 30 HD193150 14.0790 129.7420 -9.5231 6.6559 -9.6770 6.8992 0.2880
4 3 2019/07/22 04:27:9.00 30 HD197692 5.7590 129.3250 -9.0631 -7.5930 -9.3434 -7.2004 0.4824
4 3 2019/07/22 04:27:9.00 30 HD203387 6.0380 117.3450 11.3343 -7.0900 11.2056 -7.5159 0.4449
4 3 2019/07/22 04:27:9.00 30 HD194943 13.9620 127.4800 -5.7617 6.3816 -5.9934 6.9141 0.5807
4 3 2019/07/22 04:27:9.00 30 HD196777 11.9890 125.6280 -2.7098 2.9836 -2.9024 3.4062 0.4645
4 3 2019/07/22 04:27:9.00 30 HD196662 14.4860 123.6020 0.6565 7.2344 0.4628 7.6702 0.4770
4 3 2019/07/22 04:27:9.00 30 HD193150 14.3760 130.1220 -10.1487 7.1812 -10.3456 7.7127 0.5669
4 3 2019/07/22 04:29:9.00 30 HD197692 6.0540 129.6670 -9.6409 -7.0810 -9.7870 -6.4172 0.6797
4 3 2019/07/22 04:29:9.00 30 HD203387 6.3770 117.6820 10.7447 -6.5140 10.1320 -6.4247 0.6192
4 3 2019/07/22 04:29:9.00 30 HD201381 12.3490 115.9280 13.5037 3.7921 12.9259 3.9599 0.6016
4 3 2019/07/22 04:29:9.00 30 HD194943 14.2680 127.8570 -6.3812 6.9153 -6.6107 7.3633 0.5033
4 3 2019/07/22 04:29:9.00 30 HD200499 7.1920 122.8520 1.9406 -5.1855 1.6515 -4.6737 0.5878
4 3 2019/07/22 04:29:9.00 30 HD196662 14.8070 123.9760 0.0394 7.7836 -0.1698 8.3296 0.5847
4 3 2019/07/22 04:29:9.00 30 HD194636 14.1960 128.4090 -7.3006 6.8077 -7.4901 7.3774 0.6004
4 3 2019/07/22 04:31:9.00 30 HD200761 9.1450 121.1010 4.8728 -1.8432 4.7755 -1.5090 0.3481
4 3 2019/07/22 04:31:9.00 30 HD197692 6.3480 130.0120 -10.2208 -6.5703 -10.2820 -6.1399 0.4347
4 3 2019/07/22 04:31:9.00 30 HD203387 6.7150 118.0200 10.1549 -5.9399 9.5999 -5.3992 0.7749
4 3 2019/07/22 04:31:9.00 30 HD201381 12.6960 116.2830 12.8880 4.3703 12.5226 4.4554 0.3752
4 3 2019/07/22 04:31:9.00 30 HD194943 14.5730 128.2350 -7.0032 7.4482 -7.4135 8.1704 0.8306
4 3 2019/07/22 04:31:9.00 30 HD200499 7.5140 123.1960 1.3570 -4.6382 0.8716 -3.9527 0.8400
4 3 2019/07/22 04:31:9.00 30 HD196777 12.6140 126.3620 -3.9251 4.0575 -4.2319 4.5184 0.5537
4 3 2019/07/22 04:31:9.00 30 HD196662 15.1270 124.3520 -0.5795 8.3320 -1.0112 8.8778 0.6959
4 3 2019/07/22 04:31:9.00 30 HD202671 6.6320 119.5680 7.5161 -6.1106 6.9166 -5.5873 0.7958
4 3 2019/07/22 04:33:10.00 30 HD200761 9.4770 121.4540 4.2739 -1.2827 4.2549 -1.0443 0.2391
4 3 2019/07/22 04:33:10.00 30 HD197692 6.6420 130.3600 -10.8078 -6.0566 -11.0250 -5.5777 0.5259
4 3 2019/07/22 04:33:10.00 30 HD203387 7.0560 118.3620 9.5598 -5.3630 9.0121 -4.8685 0.7379
4 3 2019/07/22 04:33:10.00 30 HD201381 13.0450 116.6430 12.2668 4.9517 11.8555 4.9264 0.4121
4 3 2019/07/22 04:33:10.00 30 HD194943 14.8780 128.6190 -7.6328 7.9848 -7.9511 8.5350 0.6356
4 3 2019/07/22 04:33:10.00 30 HD200499 7.8370 123.5450 0.7673 -4.0880 0.4329 -3.7048 0.5086
4 3 2019/07/22 04:33:10.00 30 HD196777 12.9270 126.7350 -4.5409 4.5973 -4.8418 5.0210 0.5197
4 3 2019/07/22 04:33:10.00 30 HD196662 15.4480 124.7320 -1.2055 8.8843 -1.4458 9.2423 0.4312
4 3 2019/07/22 04:33:10.00 30 HD202671 6.9670 119.9110 6.9251 -5.5418 6.4165 -5.2648 0.5791
4 3 2019/07/22 04:37:10.00 30 HD206088 4.8350 115.9200 13.8436 -9.1375 12.9093 -9.0263 0.9409
4 3 2019/07/22 04:37:10.00 30 HD200761 10.1320 122.1590 3.0827 -0.1757 2.7131 0.3500 0.6426
4 3 2019/07/22 04:37:10.00 30 HD197692 7.2230 131.0560 -11.9793 -5.0419 -12.1867 -4.4814 0.5976
4 3 2019/07/22 04:37:10.00 30 HD203387 7.7290 119.0450 8.3782 -4.2246 7.9264 -3.7989 0.6207
4 3 2019/07/22 04:37:10.00 30 HD201381 13.7330 117.3620 11.0335 6.1005 10.5706 6.3968 0.5496
4 3 2019/07/22 04:37:10.00 30 HD194943 15.4790 129.3860 -8.8896 9.0476 -8.9077 9.5594 0.5121
4 3 2019/07/22 04:37:10.00 30 HD200499 8.4750 124.2410 -0.4062 -3.0017 -0.7877 -2.2944 0.8036
4 3 2019/07/22 04:37:10.00 30 HD196777 13.5430 127.4790 -5.7687 5.6653 -5.7826 5.4070 0.2587
4 3 2019/07/22 04:37:10.00 30 HD196662 16.0810 125.4930 -2.4531 9.9776 -2.5028 10.3810 0.4065
4 3 2019/07/22 04:37:10.00 30 HD194636 15.3980 129.9410 -9.8130 8.9311 -9.9244 9.3105 0.3954
4 3 2019/07/22 04:37:10.00 30 HD202671 7.6300 120.5960 5.7509 -4.4190 5.4372 -3.9364 0.5756
4 3 2019/07/22 04:43:10.00 30 HD206088 5.8580 116.9200 12.0730 -7.3910 11.4939 -7.1836 0.6151
4 3 2019/07/22 04:43:10.00 30 HD200761 11.1050 123.2290 1.2869 1.4734 0.9692 2.0371 0.6471
4 3 2019/07/22 04:43:10.00 30 HD197692 8.0850 132.1110 -13.7551 -3.5294 -13.7442 -3.1901 0.3395
4 3 2019/07/22 04:43:10.00 30 HD203387 8.7320 120.0800 6.6016 -2.5310 6.3902 -1.9479 0.6203
4 3 2019/07/22 04:43:10.00 30 HD201381 14.7580 118.4520 9.1790 7.8137 8.8161 8.2345 0.5556
4 3 2019/07/22 04:43:10.00 30 HD194943 16.3690 130.5520 -10.7957 10.6385 -10.9011 10.6117 0.1087
4 3 2019/07/22 04:43:10.00 30 HD200499 9.4240 125.2980 -2.1776 -1.3839 -2.5794 -0.9145 0.6179
4 3 2019/07/22 04:43:10.00 30 HD202320 7.0760 123.8870 0.1913 -5.3868 -0.1989 -5.1054 0.4811
4 3 2019/07/22 04:43:10.00 30 HD196777 14.4570 128.6100 -7.6279 7.2611 -7.7444 7.7976 0.5490
4 3 2019/07/22 04:43:10.00 30 HD202369 10.9970 120.0450 6.6137 1.3317 6.6313 1.2625 0.0715
4 3 2019/07/22 04:45:10.00 30 HD206088 6.1980 117.2560 11.4827 -6.8127 10.8914 -6.4240 0.7076
4 3 2019/07/22 04:45:10.00 30 HD204075 4.4000 123.5820 0.7133 -9.9657 0.3674 -9.7614 0.4017
4 3 2019/07/22 04:45:10.00 30 HD200761 11.4270 123.5890 0.6855 2.0203 0.4077 2.4982 0.5528
4 3 2019/07/22 04:45:10.00 30 HD203387 9.0640 120.4280 6.0079 -1.9702 5.5932 -1.5063 0.6222
4 3 2019/07/22 04:45:10.00 30 HD205637 4.7730 119.7700 7.2140 -9.3041 6.5861 -8.8503 0.7747
4 3 2019/07/22 04:45:10.00 30 HD201381 15.0980 118.8190 8.5593 8.3824 8.1658 8.6452 0.4731
4 3 2019/07/22 04:45:10.00 30 HD200914 5.5240 128.6410 -7.8993 -8.0081 -8.0510 -7.5140 0.5168
4 3 2019/07/22 04:45:10.00 30 HD200499 9.7380 125.6530 -2.7714 -0.8476 -3.0983 -0.2337 0.6955
4 3 2019/07/22 04:45:10.00 30 HD196777 14.7580 128.9910 -8.2526 7.7917 -8.0334 8.9982 1.2263
4 3 2019/07/22 04:45:10.00 30 HD201184 8.1050 125.8280 -3.0811 -3.6258 -3.3660 -3.1939 0.5174
4 3 2019/07/22 04:45:10.00 30 HD202369 11.3310 120.4010 6.0108 1.8925 5.5543 2.1543 0.5262
4 3 2019/07/22 04:47:10.00 30 HD207098 5.7220 116.0420 13.5940 -7.6046 12.7800 -7.3031 0.8680
4 3 2019/07/22 04:47:10.00 30 HD206088 6.5370 117.5930 10.8922 -6.2362 10.4358 -5.9900 0.5186
4 3 2019/07/22 04:47:10.00 30 HD204075 4.7150 123.9160 0.1435 -9.4246 -0.4264 -8.8186 0.8319
4 3 2019/07/22 04:47:10.00 30 HD200761 11.7480 123.9500 0.0827 2.5658 -0.1839 3.1217 0.6165
4 3 2019/07/22 04:47:10.00 30 HD203387 9.3960 120.7770 5.4134 -1.4110 5.1119 -0.8680 0.6211
4 3 2019/07/22 04:47:10.00 30 HD205637 5.1020 120.1040 6.6360 -8.7414 6.0293 -8.4198 0.6867
4 3 2019/07/22 04:47:10.00 30 HD201381 15.4360 119.1880 7.9386 8.9501 7.6331 9.2584 0.4340
4 3 2019/07/22 04:47:10.00 30 HD200914 5.8210 128.9820 -8.4749 -7.4928 -9.0766 -8.0112 0.7942
4 3 2019/07/22 04:47:10.00 30 HD200499 10.0500 126.0100 -3.3668 -0.3126 -3.6056 0.0395 0.4255
4 3 2019/07/22 04:47:10.00 30 HD202369 11.6630 120.7580 5.4069 2.4518 5.0143 2.7948 0.5214
4 3 2019/07/22 04:47:10.00 30 HD202671 9.2700 122.3320 2.8001 -1.6432 2.5394 -1.1725 0.5381
4 3 2019/07/22 04:51:10.00 30 HD207098 6.4070 116.7130 12.4083 -6.4402 11.7726 -6.0619 0.7398
4 3 2019/07/22 04:51:10.00 30 HD206088 7.2140 118.2710 9.7105 -5.0893 9.1777 -4.5988 0.7242
4 3 2019/07/22 04:51:10.00 30 HD204075 5.3440 124.5880 -0.9997 -8.3465 -1.3816 -7.9451 0.5540
4 3 2019/07/22 04:51:10.00 30 HD200761 12.3860 124.6780 -1.1279 3.6532 -1.3718 4.0625 0.4765
4 3 2019/07/22 04:51:10.00 30 HD203387 10.0550 121.4810 4.2216 -0.2977 3.8754 0.1985 0.6050
4 3 2019/07/22 04:51:10.00 30 HD205637 5.7590 120.7760 5.4782 -7.6208 5.0066 -7.1379 0.6749
4 3 2019/07/22 04:51:10.00 30 HD201381 16.1090 119.9310 6.6943 10.0827 6.3970 10.1786 0.3124
4 3 2019/07/22 04:51:10.00 30 HD200914 6.4120 129.6690 -9.6324 -6.4661 -9.7993 -6.0102 0.4855
4 3 2019/07/22 04:51:10.00 30 HD200499 10.6710 126.7280 -4.5633 0.7532 -4.8355 0.9041 0.3113
4 3 2019/07/22 04:51:10.00 30 HD202320 8.3400 125.2750 -2.1467 -3.2285 -2.4561 -2.7436 0.5752
4 3 2019/07/22 04:51:10.00 30 HD196777 15.6530 130.1440 -10.1430 9.3801 -10.0566 9.8515 0.4792
4 3 2019/07/22 04:51:10.00 30 HD201184 9.0340 126.8840 -4.8484 -2.0317 -5.2094 -1.7038 0.4877
4 3 2019/07/22 04:51:10.00 30 HD202369 12.3240 121.4780 4.1959 3.5660 4.2200 3.5486 0.0298
4 3 2019/07/22 04:51:10.00 30 HD202671 9.9190 123.0380 1.6122 -0.5444 1.3721 -0.1198 0.4878
4 3 2019/07/22 04:53:10.00 30 HD207098 6.7480 117.0500 11.8153 -5.8611 11.2872 -5.4968 0.6416
4 3 2019/07/22 04:53:10.00 30 HD206088 7.5520 118.6120 9.1191 -4.5187 8.6811 -4.0712 0.6262
4 3 2019/07/22 04:53:10.00 30 HD204075 5.6570 124.9270 -1.5733 -7.8095 -2.0131 -7.3382 0.6446
4 3 2019/07/22 04:53:10.00 30 HD200761 12.7030 125.0450 -1.7357 4.1952 -1.9732 4.6867 0.5459
4 3 2019/07/22 04:53:10.00 30 HD203387 10.3840 121.8350 3.6241 0.2565 3.2998 0.6601 0.5177
4 3 2019/07/22 04:53:10.00 30 HD205637 6.0860 121.1140 4.8982 -7.0630 4.4360 -6.5661 0.6786
4 3 2019/07/22 04:53:10.00 30 HD200914 6.7060 130.0140 -10.2143 -5.9548 -10.3933 -5.4511 0.5345
4 3 2019/07/22 04:53:10.00 30 HD206453 5.5900 119.7500 7.2310 -7.8986 6.7046 -7.5441 0.6347
4 3 2019/07/22 04:55:10.00 30 HD207098 7.0890 117.3890 11.2222 -5.2839 10.7495 -4.9518 0.5778
4 3 2019/07/22 04:55:10.00 30 HD206088 7.8880 118.9550 8.5273 -3.9501 8.1062 -3.5468 0.5831
4 3 2019/07/22 04:55:10.00 30 HD204075 5.9690 125.2660 -2.1484 -7.2740 -2.5475 -6.8560 0.5780
4 3 2019/07/22 04:55:10.00 30 HD200761 13.0190 125.4140 -2.3454 4.7361 -2.6622 5.3598 0.6996
4 3 2019/07/22 04:55:10.00 30 HD203387 10.7110 122.1900 3.0255 0.8092 2.7486 0.9900 0.3307
4 3 2019/07/22 04:55:10.00 30 HD205637 6.4130 121.4530 4.3173 -6.5070 3.9350 -6.0563 0.5910
4 3 2019/07/22 04:55:10.00 30 HD204381 6.0820 124.5010 -0.8499 -7.0833 -1.1656 -6.7588 0.4527
4 3 2019/07/22 04:55:10.00 30 HD200914 6.9990 130.3620 -10.7986 -5.4449 -11.0073 -5.0024 0.4892
4 3 2019/07/22 04:55:10.00 30 HD206453 5.9210 120.0860 6.6495 -7.3354 6.1481 -7.1291 0.5422
4 3 2019/07/22 04:55:10.00 30 HD200499 11.2870 127.4540 -5.7676 1.8141 -6.0231 2.1692 0.4374
4 3 2019/07/22 04:55:10.00 30 HD202320 8.9660 125.9780 -3.3250 -2.1587 -3.7207 -1.4576 0.8050
4 3 2019/07/22 04:55:10.00 30 HD202369 12.9810 122.2040 2.9800 4.6750 3.0420 5.0715 0.4014
4 3 2019/07/22 04:57:10.00 30 HD207098 7.4290 117.7290 10.6289 -4.7088 10.0775 -4.3053 0.6833
4 3 2019/07/22 04:57:10.00 30 HD206088 8.2240 119.2990 7.9349 -3.3834 7.5252 -3.0713 0.5149
4 3 2019/07/22 04:57:10.00 30 HD204075 6.2810 125.6080 -2.7249 -6.7400 -3.0425 -6.2794 0.5595
4 3 2019/07/22 04:57:10.00 30 HD200761 13.3330 125.7840 -2.9570 5.2759 -3.2208 5.8515 0.6331
4 3 2019/07/22 04:57:10.00 30 HD203387 11.0360 122.5470 2.4256 1.3604 2.1358 1.8712 0.5872
4 3 2019/07/22 04:57:10.00 30 HD205637 6.7390 121.7930 3.7356 -5.9526 3.4173 -5.6308 0.4526
4 3 2019/07/22 04:57:10.00 30 HD204381 6.3970 124.8430 -1.4272 -6.5451 -1.7085 -6.2338 0.4195
4 3 2019/07/22 04:57:10.00 30 HD200914 7.2900 130.7100 -11.3852 -4.9362 -11.4769 -4.6616 0.2895
4 3 2019/07/22 04:57:10.00 30 HD206453 6.2510 120.4240 6.0675 -6.7739 5.6956 -6.3138 0.5916
4 3 2019/07/22 04:57:10.00 30 HD202369 13.3070 122.5700 2.3701 5.2277 2.2381 5.6640 0.4558
4 3 2019/07/22 04:57:10.00 30 HD202671 10.8820 124.1080 -0.1800 1.0925 -0.4664 1.6022 0.5847
4 3 2019/07/22 05:13:11.00 30 HD207098 10.1210 120.5040 5.8601 -0.1714 5.5306 0.2417 0.5284
4 3 2019/07/22 05:13:11.00 30 HD206088 10.8760 122.1070 3.1624 1.0918 2.9143 1.5092 0.4855
4 3 2019/07/22 05:13:11.00 30 HD204075 8.7350 128.3950 -7.4035 -2.5170 -7.6676 -2.0005 0.5801
4 3 2019/07/22 05:13:11.00 30 HD200761 15.7960 128.8150 -7.9338 9.5706 -7.9801 9.9794 0.4114
4 3 2019/07/22 05:13:11.00 30 HD203387 13.6000 125.4690 -2.4322 5.7287 -2.7086 6.3163 0.6494
4 3 2019/07/22 05:13:11.00 30 HD205637 9.3140 124.5740 -0.9636 -1.5739 -1.2113 -1.1911 0.4560
4 3 2019/07/22 05:13:11.00 30 HD204381 8.8760 127.6290 -6.1079 -2.2902 -6.4028 -1.6959 0.6635
4 3 2019/07/22 05:13:11.00 30 HD206453 8.8630 123.1820 1.3746 -2.3406 1.1066 -2.1016 0.3591
4 3 2019/07/22 05:13:11.00 30 HD200499 13.9860 130.8070 -11.3078 6.5427 -11.3809 6.8817 0.3469
4 3 2019/07/22 05:13:11.00 30 HD207958 10.9030 117.5730 10.7765 1.2416 10.5499 1.1959 0.2312
4 3 2019/07/22 05:13:11.00 30 HD202320 11.7170 129.2260 -8.7283 2.5939 -8.9612 3.1476 0.6006
4 3 2019/07/22 05:13:11.00 30 HD206301 12.5280 120.0170 6.6285 3.9439 6.3565 4.2738 0.4276
4 3 2019/07/22 05:13:11.00 30 HD201184 12.3390 130.8840 -11.4964 3.7195 -11.8273 4.3102 0.6771
4 3 2019/07/22 05:13:11.00 30 HD202369 15.8720 125.5650 -2.5736 9.6191 -2.8926 10.0023 0.4985
4 3 2019/07/22 05:13:11.00 30 HD203638 10.2840 127.8090 -6.3819 0.1127 -6.3369 0.0217 0.1015
4 3 2019/07/22 05:13:11.00 30 HD202671 13.3980 127.0380 -5.0385 5.4067 -5.2983 5.9809 0.6302
4 3 2019/07/22 05:25:11.00 30 HD207098 12.0930 122.6470 2.2511 3.1581 1.9435 3.6171 0.5525
4 3 2019/07/22 05:25:11.00 30 HD206088 12.8150 124.2790 -0.4626 4.3819 -0.7486 4.8855 0.5792
4 3 2019/07/22 05:25:11.00 30 HD204075 10.5190 130.5490 -10.9965 0.5898 -11.2899 1.1746 0.6543
4 3 2019/07/22 05:25:11.00 30 HD209819 10.4940 117.6070 10.7327 0.5406 10.3393 0.7632 0.4520
4 3 2019/07/22 05:25:11.00 30 HD203387 15.4630 127.7330 -6.1517 8.9608 -6.4020 9.5139 0.6071
4 3 2019/07/22 05:25:11.00 30 HD205637 11.1940 126.7230 -4.5473 1.6433 -4.9144 2.1057 0.5905
4 3 2019/07/22 05:25:11.00 30 HD204381 10.6800 129.7840 -9.6976 0.8393 -9.9566 1.3317 0.5564
4 3 2019/07/22 05:25:11.00 30 HD206453 10.7740 125.3130 -2.1937 0.9133 -2.6381 1.4210 0.6748
4 3 2019/07/22 05:25:11.00 30 HD207958 12.9360 119.7130 7.1263 4.6480 6.7724 4.8363 0.4009
4 3 2019/07/22 05:25:11.00 30 HD206301 14.5140 122.2100 2.9559 7.2933 2.7282 7.8412 0.5933
4 3 2019/07/22 05:25:11.00 30 HD202671 15.2210 129.3090 -8.7692 8.6004 -8.9418 9.0626 0.4933
4 3 2019/07/22 05:27:11.00 30 HD207098 12.4180 123.0100 1.6451 3.7082 1.3659 4.1416 0.5156
4 3 2019/07/22 05:27:11.00 30 HD206088 13.1330 124.6470 -1.0722 4.9261 -1.4038 5.4801 0.6457
4 3 2019/07/22 05:27:11.00 30 HD204075 10.8120 130.9140 -11.6039 1.1036 -11.7989 1.6524 0.5825
4 3 2019/07/22 05:27:11.00 30 HD209819 10.8350 117.9590 10.1275 1.1123 9.6916 1.4352 0.5424
4 3 2019/07/22 05:27:11.00 30 HD203387 15.7680 128.1170 -6.7797 9.4972 -6.8743 9.8997 0.4134
4 3 2019/07/22 05:27:11.00 30 HD205637 11.5020 127.0870 -5.1511 2.1750 -5.4477 2.8708 0.7563
4 3 2019/07/22 05:27:11.00 30 HD204381 10.9760 130.1490 -10.3041 1.3568 -10.5293 2.0426 0.7219
4 3 2019/07/22 05:27:11.00 30 HD206453 11.0880 125.6740 -2.7941 1.4507 -3.0782 1.8710 0.5073
4 3 2019/07/22 05:27:11.00 30 HD207958 13.2710 120.0750 6.5152 5.2107 6.1971 5.6268 0.5237
4 3 2019/07/22 05:27:11.00 30 HD202671 15.5200 129.6950 -9.4000 9.1306 -8.9054 9.9356 0.9448
4 3 2019/07/22 05:35:11.00 30 HD207098 13.7030 124.4800 -0.7940 5.8970 -1.1149 6.4137 0.6082
4 3 2019/07/22 05:35:11.00 30 HD206088 14.3940 126.1360 -3.5296 7.0929 -3.7595 7.5290 0.4930
4 3 2019/07/22 05:35:11.00 30 HD209819 12.1900 119.3800 7.7008 3.3826 7.3213 3.7291 0.5139
4 3 2019/07/22 05:35:11.00 30 HD205637 12.7230 128.5610 -7.5882 4.2913 -7.8290 4.7287 0.4994
4 3 2019/07/22 05:35:11.00 30 HD204381 12.1430 131.6260 -12.7566 3.4166 -13.0723 3.8458 0.5328
4 3 2019/07/22 05:35:11.00 30 HD206453 12.3310 127.1340 -5.2148 3.5885 -5.4543 4.0789 0.5458
4 3 2019/07/22 05:35:11.00 30 HD207958 14.5990 121.5420 4.0595 7.4495 3.7369 7.6921 0.4036
4 3 2019/07/22 05:37:11.00 30 HD207098 14.0210 124.8510 -1.4080 6.4417 -1.6833 6.8861 0.5228
4 3 2019/07/22 05:37:11.00 30 HD206088 14.7050 126.5130 -4.1490 7.6326 -4.4289 8.1569 0.5944
4 3 2019/07/22 05:37:11.00 30 HD209819 12.5260 119.7390 7.0922 3.9464 6.7973 4.3265 0.4811
4 3 2019/07/22 05:37:11.00 30 HD205637 13.0240 128.9340 -8.2033 4.8179 -8.3212 5.3178 0.5136
4 3 2019/07/22 05:37:11.00 30 HD204381 12.4310 131.9990 -13.3768 3.9294 -12.9424 4.3752 0.6225
4 3 2019/07/22 05:37:11.00 30 HD206453 12.6380 127.5030 -5.8251 4.1203 -6.1954 4.6002 0.6061
4 3 2019/07/22 05:37:11.00 30 HD207958 14.9280 121.9130 3.4423 8.0066 3.2142 8.3756 0.4338
4 3 2019/07/22 05:37:11.00 30 HD206356 9.3880 130.5020 -10.9557 -1.3484 -10.9838 -0.9871 0.3624
4 3 2019/07/22 05:39:11.00 30 HD207098 14.3370 125.2250 -2.0239 6.9854 -2.2460 7.4866 0.5482
4 3 2019/07/22 05:39:11.00 30 HD206088 15.0150 126.8920 -4.7706 8.1715 -4.9395 8.6206 0.4799
4 3 2019/07/22 05:39:11.00 30 HD209819 12.8600 120.1000 6.4827 4.5088 6.1802 4.9864 0.5654
4 3 2019/07/22 05:39:11.00 30 HD205637 13.3240 129.3080 -8.8210 5.3438 -8.9392 5.9090 0.5775
4 3 2019/07/22 05:39:11.00 30 HD206453 12.9440 127.8740 -6.4377 4.6510 -6.5860 5.0881 0.4615
4 3 2019/07/22 05:39:11.00 30 HD207958 15.2560 122.2860 2.8238 8.5628 2.5761 8.9535 0.4626
4 3 2019/07/22 05:41:11.00 30 HD207098 14.6520 125.6000 -2.6418 7.5283 -2.8796 8.0258 0.5513
4 3 2019/07/22 05:41:11.00 30 HD206088 15.3240 127.2730 -5.3945 8.7097 -5.5735 9.2158 0.5368
4 3 2019/07/22 05:41:11.00 30 HD209819 13.1940 120.4620 5.8723 5.0698 5.5615 5.4848 0.5184
4 3 2019/07/22 05:41:11.00 30 HD205637 13.6220 129.6850 -9.4412 5.8688 -9.8306 6.4665 0.7134
4 3 2019/07/22 05:41:11.00 30 HD206453 13.2480 128.2470 -7.0526 5.1810 -7.3246 5.5743 0.4783
4 3 2019/07/22 05:41:11.00 30 HD207958 15.5820 122.6610 2.2037 9.1181 2.0410 9.4478 0.3677
4 3 2019/07/22 05:41:11.00 30 HD206356 9.9700 131.2230 -12.1599 -0.3259 -12.4351 -0.2699 0.2809
4 3 2019/07/22 05:43:11.00 30 HD207098 14.9660 125.9780 -3.2618 8.0705 -3.5353 8.5597 0.5605
4 3 2019/07/22 05:43:11.00 30 HD206088 15.6310 127.6550 -6.0209 9.2474 -6.2192 9.7974 0.5847
4 3 2019/07/22 05:43:11.00 30 HD209819 13.5270 120.8270 5.2607 5.6297 4.9685 6.0445 0.5074
4 3 2019/07/22 05:43:11.00 30 HD205637 13.9190 130.0630 -10.0641 6.3931 -10.2722 7.0233 0.6637
4 3 2019/07/22 05:43:11.00 30 HD206453 13.5510 128.6220 -7.6699 5.7100 -8.1262 5.9456 0.5135
4 3 2019/07/22 05:43:11.00 30 HD207958 15.9070 123.0380 1.5821 9.6727 1.2811 10.1306 0.5480
4 3 2019/07/22 05:53:12.00 30 HD209819 15.1730 122.6780 2.1785 8.4172 1.8940 8.7693 0.4528
4 3 2019/07/22 05:53:12.00 30 HD205637 15.3800 131.9860 -13.2271 9.0104 -13.1280 9.3640 0.3672
4 3 2019/07/22 05:53:12.00 30 HD206453 15.0440 130.5270 -10.8007 8.3491 -10.9330 8.8086 0.4782
4 3 2019/07/22 05:55:12.00 30 HD209819 15.4980 123.0530 1.5587 8.9710 1.2807 9.3808 0.4953
4 3 2019/07/22 05:55:12.00 30 HD206453 15.3370 130.9130 -11.4343 8.8744 -11.5386 9.4363 0.5715
4 3 2019/07/22 05:57:12.00 30 HD209819 15.8220 123.4300 0.9372 9.5240 0.7575 9.9887 0.4982
4 3 2019/07/22 05:57:12.00 30 HD206453 15.6280 131.3010 -12.0709 9.3993 -12.1592 9.8618 0.4709
4 3 2019/07/22 05:59:12.00 30 HD216627 6.7390 116.5910 12.6055 -5.8658 11.9692 -5.5603 0.7058
4 3 2019/07/22 05:59:12.00 30 HD209819 16.1440 123.8090 0.3140 10.0763 0.1936 10.3085 0.2615
4 3 2019/07/22 06:01:12.00 30 HD216627 7.0810 116.9290 12.0109 -5.2862 11.3911 -4.9329 0.7134
4 3 2019/07/22 06:03:12.00 30 HD216627 7.4220 117.2690 11.4163 -4.7087 10.8561 -4.3895 0.6448
4 3 2019/07/22 06:05:12.00 30 HD216627 7.7630 117.6100 10.8214 -4.1332 10.2652 -3.8728 0.6141
4 3 2019/07/22 06:07:12.00 30 HD216627 8.1030 117.9520 10.2262 -3.5597 9.6610 -3.3156 0.6156
4 3 2019/07/22 06:09:12.00 30 HD216627 8.4420 118.2960 9.6306 -2.9882 9.2105 -2.5757 0.5887
4 3 2019/07/22 06:11:12.00 30 HD216627 8.7800 118.6410 9.0346 -2.4185 8.6323 -2.1035 0.5110
4 3 2019/07/22 06:13:12.00 30 HD216627 9.1170 118.9880 8.4381 -1.8507 8.1383 -1.6995 0.3358
4 3 2019/07/22 06:13:12.00 30 HD216032 11.5480 118.2850 9.5546 2.3199 8.9142 1.9775 0.7261
4 3 2019/07/22 06:15:12.00 30 HD216032 11.8870 118.6410 8.9468 2.8882 8.4788 3.1811 0.5521
4 3 2019/07/22 06:17:12.00 30 HD216627 9.7890 119.6860 7.2432 -0.7206 6.8759 -0.4158 0.4773
4 3 2019/07/22 06:17:12.00 30 HD216032 12.2250 118.9980 8.3384 3.4551 8.0402 3.7383 0.4112
4 3 2019/07/22 06:19:12.00 30 HD216627 10.1230 120.0370 6.6446 -0.1581 6.3546 0.2213 0.4776
4 3 2019/07/22 06:19:12.00 30 HD216032 12.5630 119.3570 7.7291 4.0205 7.2420 4.2432 0.5356
4 4 2019/07/21 04:36:21.00 30 HD189763 10.5030 139.5130 0.8149 0.4482 0.8012 0.9078 0.4598
4 4 2019/07/21 04:36:21.00 30 HD188603 11.6540 140.2740 -0.4572 2.4047 -0.3864 2.8585 0.4593
4 4 2019/07/21 04:36:21.00 30 HD184707 15.9950 142.9800 -4.9009 9.8551 -4.7645 10.3029 0.4681
4 4 2019/07/21 04:36:21.00 30 HD188376 12.5110 139.9910 0.0146 3.8642 0.0918 4.3660 0.5077
4 4 2019/07/21 04:36:21.00 30 HD189005 12.2100 139.3390 1.0989 3.3534 1.1106 3.7370 0.3838
4 4 2019/07/21 04:38:21.00 30 HD189763 10.7530 139.8850 0.1915 0.8719 0.1852 1.4565 0.5847
4 4 2019/07/21 04:38:21.00 30 HD188603 11.8990 140.6540 -1.0888 2.8240 -1.0961 3.3261 0.5021
4 4 2019/07/21 04:38:21.00 30 HD188376 12.7580 140.3750 -0.6230 4.2861 -0.5998 4.7100 0.4246
4 4 2019/07/21 04:38:21.00 30 HD189005 12.4610 139.7210 0.4635 3.7792 0.5215 4.1270 0.3526
4 4 2019/07/21 04:40:22.00 30 HD189763 11.0020 140.2630 -0.4389 1.2967 -0.4872 1.7977 0.5033
4 4 2019/07/21 04:40:22.00 30 HD188603 12.1450 141.0380 -1.7277 3.2445 -1.6798 3.6283 0.3868
4 4 2019/07/21 04:40:22.00 30 HD188376 13.0060 140.7640 -1.2679 4.7092 -1.3042 5.2869 0.5788
4 4 2019/07/21 04:40:22.00 30 HD189005 12.7120 140.1080 -0.1790 4.2062 -0.1311 4.7006 0.4966
4 4 2019/07/21 04:44:22.00 30 HD189763 11.4920 141.0170 -1.6948 2.1322 -1.6154 2.5949 0.4694
4 4 2019/07/21 04:44:22.00 30 HD188603 12.6270 141.8060 -3.0009 4.0719 -2.8749 4.7464 0.6861
4 4 2019/07/21 04:44:22.00 30 HD188376 13.4910 141.5410 -2.5531 5.5421 -2.4319 6.1977 0.6667
4 4 2019/07/21 04:44:22.00 30 HD189005 13.2030 140.8800 -1.4591 5.0467 -1.3277 5.4159 0.3919
4 4 2019/07/21 04:44:22.00 30 HD190056 7.6830 143.1200 -5.2687 -4.3323 -5.1703 -3.8553 0.4871
4 4 2019/07/21 04:46:22.00 30 HD197692 7.9810 131.9810 13.6008 -3.7119 13.3598 -3.5160 0.3106
4 4 2019/07/21 04:46:22.00 30 HD189763 11.7340 141.3960 -2.3256 2.5465 -2.2445 3.0512 0.5112
4 4 2019/07/21 04:46:22.00 30 HD188603 12.8650 142.1930 -3.6406 4.4824 -3.5727 5.0062 0.5282
4 4 2019/07/21 04:46:22.00 30 HD188376 13.7300 141.9320 -3.1988 5.9554 -3.0665 6.5237 0.5835
4 4 2019/07/21 04:46:22.00 30 HD189005 13.4460 141.2690 -2.1022 5.4637 -1.9592 5.6141 0.2075
4 4 2019/07/21 04:54:22.00 30 HD198542 7.0420 133.4330 11.1491 -5.3657 11.0132 -5.0683 0.3270
4 4 2019/07/21 04:54:22.00 30 HD197692 9.1110 133.4080 11.1179 -1.8182 11.0197 -1.5236 0.3105
4 4 2019/07/21 04:54:22.00 30 HD189103 6.5690 147.4330 -12.6531 -6.1581 -12.4498 -5.9672 0.2789
4 4 2019/07/21 04:54:22.00 30 HD189763 12.6810 142.9300 -4.8698 4.1816 -4.7779 4.6911 0.5177
4 4 2019/07/21 04:54:22.00 30 HD188603 13.7960 143.7550 -6.2222 6.1034 -6.1747 6.6402 0.5389
4 4 2019/07/21 04:54:22.00 30 HD188376 14.6670 143.5140 -5.8047 7.5884 -5.7989 8.2047 0.6163
4 4 2019/07/21 04:54:22.00 30 HD189005 14.3970 142.8410 -4.6961 7.1111 -4.5325 7.6532 0.5663
4 4 2019/07/21 04:54:22.00 30 HD190056 8.8120 144.9330 -8.3127 -2.3741 -8.1889 -1.8792 0.5101
4 4 2019/07/21 05:04:22.00 30 HD198542 8.4160 135.2020 8.0937 -3.0538 7.9686 -2.7762 0.3045
4 4 2019/07/21 05:04:22.00 30 HD197692 10.4900 135.2290 7.9967 0.4856 7.8527 0.6962 0.2551
4 4 2019/07/21 05:04:22.00 30 HD189763 13.8200 144.8850 -8.1022 6.1782 -7.9321 6.5682 0.4254
4 4 2019/07/21 05:04:22.00 30 HD188603 14.9110 145.7470 -9.5056 8.0853 -9.4442 8.5002 0.4194
4 4 2019/07/21 05:04:22.00 30 HD188376 15.7890 145.5300 -9.1188 9.5872 -8.6816 9.9214 0.5503
4 4 2019/07/21 05:04:22.00 30 HD189005 15.5380 144.8460 -7.9927 9.1268 -7.4393 9.4535 0.6426
4 4 2019/07/21 05:08:22.00 30 HD198542 8.9540 135.9210 6.8649 -2.1486 6.7341 -1.9186 0.2646
4 4 2019/07/21 05:08:22.00 30 HD197692 11.0300 135.9680 6.7411 1.3885 6.7717 1.7276 0.3406
4 4 2019/07/21 05:08:22.00 30 HD189763 14.2600 145.6790 -9.4131 6.9630 -9.0715 7.2734 0.4616
4 4 2019/07/21 05:08:22.00 30 HD200914 8.3380 131.9910 13.5695 -3.0980 13.3109 -2.8109 0.3864
4 4 2019/07/21 05:08:22.00 30 HD188603 15.3420 146.5560 -10.8384 8.8651 -10.7022 9.1542 0.3195
4 4 2019/07/21 05:08:22.00 30 HD189005 15.9790 145.6610 -9.3300 9.9204 -9.0295 10.2731 0.4633
4 4 2019/07/21 05:10:22.00 30 HD198542 9.2210 136.2830 6.2489 -1.7000 6.1038 -1.3379 0.3901
4 4 2019/07/21 05:10:22.00 30 HD197692 11.2970 136.3410 6.1115 1.8360 6.0733 2.1616 0.3278
4 4 2019/07/21 05:10:22.00 30 HD189763 14.4770 146.0790 -10.0727 7.3526 -9.9808 7.7996 0.4563
4 4 2019/07/21 05:10:22.00 30 HD200914 8.6230 132.3470 12.9476 -2.6207 12.6726 -2.2057 0.4978
4 4 2019/07/21 05:10:22.00 30 HD188603 15.5540 146.9630 -11.5092 9.2524 -11.4449 9.9130 0.6637
4 4 2019/07/21 05:10:22.00 30 HD189005 16.1960 146.0710 -10.0031 10.3146 -9.6234 10.4423 0.4006
4 4 2019/07/21 05:14:22.00 30 HD198542 9.7500 137.0120 5.0132 -0.8108 4.9728 -0.3788 0.4339
4 4 2019/07/21 05:14:22.00 30 HD197692 11.8260 137.0910 4.8484 2.7237 4.8473 3.1489 0.4252
4 4 2019/07/21 05:14:22.00 30 HD189763 14.9040 146.8830 -11.4007 8.1262 -11.2775 8.4337 0.3312
4 4 2019/07/21 05:14:22.00 30 HD200914 9.1890 133.0640 11.7019 -1.6748 11.6102 -1.2242 0.4599
4 4 2019/07/21 05:16:22.00 30 HD198542 10.0120 137.3780 4.3934 -0.3701 4.3618 0.0095 0.3808
4 4 2019/07/21 05:16:22.00 30 HD197692 12.0880 137.4680 4.2148 3.1639 4.2223 3.5082 0.3444
4 4 2019/07/21 05:16:22.00 30 HD189763 15.1140 147.2880 -12.0692 8.5103 -11.8875 8.6398 0.2231
4 4 2019/07/21 05:16:22.00 30 HD200914 9.4690 133.4240 11.0780 -1.2062 10.8803 -0.9463 0.3265
4 4 2019/07/21 05:18:22.00 30 HD198542 10.2720 137.7470 3.7723 0.0681 3.7830 0.4915 0.4235
4 4 2019/07/21 05:18:22.00 30 HD197692 12.3480 137.8480 3.5797 3.6017 3.5463 3.9317 0.3317
4 4 2019/07/21 05:18:22.00 30 HD189763 15.3220 147.6940 -12.7407 8.8926 -12.4154 9.0635 0.3674
4 4 2019/07/21 05:18:22.00 30 HD200914 9.7480 133.7870 10.4533 -0.7404 10.4064 -0.5932 0.1544
4 4 2019/07/21 05:20:22.00 30 HD198542 10.5310 138.1170 3.1497 0.5037 3.1049 0.9103 0.4091
4 4 2019/07/21 05:20:22.00 30 HD197692 12.6070 138.2290 2.9430 4.0371 2.9987 4.4059 0.3729
4 4 2019/07/21 05:20:22.00 30 HD189763 15.5270 148.1020 -13.4155 9.2733 -12.8541 9.8341 0.7935
4 4 2019/07/21 05:20:22.00 30 HD200914 10.0260 134.1510 9.8278 -0.2773 9.7693 -0.0306 0.2536
4 4 2019/07/21 05:22:23.00 30 HD198542 10.7890 138.4920 2.5204 0.9404 2.5635 1.2694 0.3318
4 4 2019/07/21 05:22:23.00 30 HD197692 12.8650 138.6150 2.2995 4.4739 2.4087 4.7812 0.3262
4 4 2019/07/21 05:22:23.00 30 HD200914 10.3040 134.5200 9.1962 0.1868 9.1127 0.2180 0.0891
4 4 2019/07/21 05:26:23.00 30 HD198542 11.2970 139.2400 1.2674 1.7993 1.2646 2.3414 0.5421
4 4 2019/07/21 05:26:23.00 30 HD197692 13.3720 139.3860 1.0178 5.3334 1.0735 5.9019 0.5712
4 4 2019/07/21 05:26:23.00 30 HD200914 10.8500 135.2570 7.9404 1.0995 7.8849 1.5043 0.4087
4 4 2019/07/21 05:26:23.00 30 HD200499 15.3240 132.5910 12.2642 8.8797 11.8338 9.2980 0.6002
4 4 2019/07/21 05:26:23.00 30 HD201184 13.6750 132.6310 12.2626 6.0358 11.7069 6.1694 0.5715
4 4 2019/07/21 05:28:23.00 30 HD198542 11.5480 139.6170 0.6384 2.2252 0.6520 2.6439 0.4189
4 4 2019/07/21 05:28:23.00 30 HD197692 13.6230 139.7740 0.3743 5.7599 0.4586 6.2455 0.4929
4 4 2019/07/21 05:28:23.00 30 HD200914 11.1210 135.6270 7.3109 1.5518 7.3432 1.8245 0.2745
4 4 2019/07/21 05:28:23.00 30 HD200499 15.6080 132.9810 11.6014 9.3482 11.5619 9.5018 0.1587
4 4 2019/07/21 05:30:23.00 30 HD198542 11.7970 139.9950 0.0077 2.6488 0.0272 3.0998 0.4514
4 4 2019/07/21 05:30:23.00 30 HD197692 13.8710 140.1640 -0.2711 6.1842 -0.2193 6.6271 0.4459
4 4 2019/07/21 05:30:23.00 30 HD200914 11.3900 136.0000 6.6802 2.0017 6.7412 2.3746 0.3779
4 4 2019/07/21 05:30:23.00 30 HD200499 15.8900 133.3730 10.9375 9.8143 10.8977 9.9917 0.1817
4 4 2019/07/21 05:32:23.00 30 HD198542 12.0440 140.3760 -0.6249 3.0700 -0.5599 3.5937 0.5277
4 4 2019/07/21 05:32:23.00 30 HD197692 14.1180 140.5560 -0.9185 6.6065 -0.8322 7.0144 0.4169
4 4 2019/07/21 05:32:23.00 30 HD200914 11.6570 136.3740 6.0483 2.4490 6.0470 2.7414 0.2925
4 4 2019/07/21 05:32:23.00 30 HD200499 16.1700 133.7670 10.2727 10.2784 10.3822 10.4567 0.2093
4 4 2019/07/21 05:34:23.00 30 HD198542 12.2900 140.7570 -1.2594 3.4890 -1.2272 4.0438 0.5558
4 4 2019/07/21 05:34:23.00 30 HD197692 14.3630 140.9490 -1.5679 7.0266 -1.4993 7.4940 0.4724
4 4 2019/07/21 05:34:23.00 30 HD200914 11.9220 136.7500 5.4151 2.8938 5.3881 3.3628 0.4698
4 4 2019/07/21 05:36:23.00 30 HD204075 11.5740 131.8840 13.6127 2.4631 13.4335 2.6717 0.2750
4 4 2019/07/21 05:36:23.00 30 HD198542 12.5330 141.1410 -1.8958 3.9058 -1.8251 4.3615 0.4611
4 4 2019/07/21 05:36:23.00 30 HD197692 14.6050 141.3440 -2.2193 7.4448 -2.1810 7.8230 0.3802
4 4 2019/07/21 05:36:23.00 30 HD200914 12.1860 137.1280 4.7805 3.3362 4.8052 3.6912 0.3558
4 4 2019/07/21 05:38:23.00 30 HD204075 11.8610 132.2550 12.9709 2.9375 12.5709 3.2623 0.5153
4 4 2019/07/21 05:38:23.00 30 HD198542 12.7740 141.5260 -2.5342 4.3204 -2.5083 4.8004 0.4808
4 4 2019/07/21 05:38:23.00 30 HD197692 14.8460 141.7420 -2.8730 7.8610 -2.8365 8.3164 0.4569
4 4 2019/07/21 05:38:23.00 30 HD200914 12.4480 137.5080 4.1445 3.7763 4.2739 4.2413 0.4827
4 4 2019/07/21 05:38:23.00 30 HD201184 15.3500 134.9520 8.3320 8.8108 8.3825 9.2481 0.4402
4 4 2019/07/21 05:40:23.00 30 HD204075 12.1460 132.6280 12.3284 3.4092 12.4145 3.7589 0.3601
4 4 2019/07/21 05:40:23.00 30 HD198542 13.0140 141.9130 -3.1748 4.7328 -3.0382 5.2809 0.5649
4 4 2019/07/21 05:40:23.00 30 HD197692 15.0840 142.1400 -3.5289 8.2752 -3.3946 8.7964 0.5382
4 4 2019/07/21 05:40:23.00 30 HD200914 12.7080 137.8890 3.5070 4.2139 3.5796 4.5840 0.3771
4 4 2019/07/21 05:40:23.00 30 HD201184 15.6230 135.3450 7.6729 9.2654 7.6868 9.4369 0.1721
4 4 2019/07/21 05:42:23.00 30 HD204075 12.4290 133.0020 11.6851 3.8784 11.4282 4.1691 0.3880
4 4 2019/07/21 05:42:23.00 30 HD198542 13.2510 142.3020 -3.8175 5.1431 -3.7742 5.5677 0.4268
4 4 2019/07/21 05:42:23.00 30 HD197692 15.3200 142.5410 -4.1871 8.6876 -3.9928 9.0859 0.4432
4 4 2019/07/21 05:42:23.00 30 HD200914 12.9660 138.2720 2.8679 4.6493 2.8961 5.1331 0.4846
4 4 2019/07/21 05:44:23.00 30 HD204075 12.7110 133.3790 11.0411 4.3449 10.9945 4.5547 0.2149
4 4 2019/07/21 05:44:23.00 30 HD198542 13.4860 142.6920 -4.4624 5.5513 -4.4847 6.0608 0.5100
4 4 2019/07/21 05:44:23.00 30 HD197692 15.5550 142.9440 -4.8477 9.0980 -4.7159 9.5508 0.4716
4 4 2019/07/21 05:44:23.00 30 HD200914 13.2220 138.6570 2.2272 5.0824 2.3105 5.5168 0.4423
4 4 2019/07/21 05:46:23.00 30 HD204075 12.9910 133.7570 10.3961 4.8089 10.2971 5.1302 0.3362
4 4 2019/07/21 05:46:23.00 30 HD198542 13.7200 143.0840 -5.1096 5.9575 -5.0688 6.4588 0.5030
4 4 2019/07/21 05:46:23.00 30 HD197692 15.7870 143.3480 -5.5108 9.5067 -5.3557 9.8651 0.3906
4 4 2019/07/21 05:46:23.00 30 HD200914 13.4770 139.0430 1.5848 5.5133 1.5857 6.0530 0.5397
4 4 2019/07/21 05:48:23.00 30 HD204075 13.2690 134.1370 9.7502 5.2704 9.6705 5.5562 0.2967
4 4 2019/07/21 05:48:23.00 30 HD198542 13.9510 143.4780 -5.7592 6.3617 -5.7375 6.8012 0.4401
4 4 2019/07/21 05:48:23.00 30 HD197692 16.0170 143.7540 -6.1765 9.9135 -6.0525 10.2218 0.3322
4 4 2019/07/21 05:48:23.00 30 HD200914 13.7290 139.4320 0.9406 5.9420 1.0561 6.4086 0.4808
4 4 2019/07/21 05:50:23.00 30 HD204075 13.5450 134.5190 9.1032 5.7295 9.0020 6.0503 0.3364
4 4 2019/07/21 05:50:23.00 30 HD198542 14.1800 143.8740 -6.4113 6.7639 -6.3909 7.2118 0.4484
4 4 2019/07/21 05:50:23.00 30 HD197692 16.2440 144.1620 -6.8447 10.3186 -6.6502 10.4698 0.2463
4 4 2019/07/21 05:50:23.00 30 HD200914 13.9790 139.8220 0.2946 6.3685 0.4712 6.8480 0.5110
4 4 2019/07/21 05:52:23.00 30 HD204075 13.8200 134.9030 8.4551 6.1862 8.4859 6.4348 0.2505
4 4 2019/07/21 05:52:23.00 30 HD198542 14.4070 144.2710 -7.0659 7.1641 -6.9629 7.6100 0.4576
4 4 2019/07/21 05:52:23.00 30 HD200914 14.2280 140.2140 -0.3534 6.7930 -0.2942 7.2449 0.4558
4 4 2019/07/21 05:54:23.00 30 HD204075 14.0930 135.2880 7.8059 6.6406 7.8997 6.9854 0.3574
4 4 2019/07/21 05:54:23.00 30 HD198542 14.6310 144.6700 -7.7230 7.5625 -7.6317 8.0891 0.5345
4 4 2019/07/21 05:54:23.00 30 HD204381 14.2980 134.5240 9.0736 7.0205 9.1304 7.2994 0.2847
4 4 2019/07/21 05:54:23.00 30 HD200914 14.4740 140.6080 -1.0033 7.2153 -0.9350 7.6559 0.4458
4 4 2019/07/21 05:56:23.00 30 HD204075 14.3640 135.6760 7.1554 7.0927 7.2166 7.4518 0.3643
4 4 2019/07/21 05:56:23.00 30 HD198542 14.8540 145.0710 -8.3829 7.9589 -8.1461 8.3360 0.4452
4 4 2019/07/21 05:56:23.00 30 HD204381 14.5730 134.9110 8.4207 7.4773 8.4468 7.8073 0.3310
4 4 2019/07/21 05:56:23.00 30 HD200914 14.7190 141.0030 -1.6553 7.6357 -1.4781 8.0537 0.4540
4 7 2019/08/11 03:55:54.00 30 HD158926 13.6240 181.3630 11.0346 5.9123 10.4224 6.0375 0.6248
4 7 2019/08/11 03:55:54.00 30 HD159532 7.7810 180.5280 12.6720 -4.0729 12.0915 -3.8419 0.6248
4 7 2019/08/11 03:55:54.00 30 HD151680 15.5140 190.7210 -4.4817 9.0228 -5.0000 9.0816 0.5216
4 7 2019/08/11 03:55:54.00 30 HD160578 11.7240 179.5530 14.1685 2.7364 13.2943 2.7589 0.8745
4 7 2019/08/11 03:55:54.00 30 HD158408 13.4150 181.9400 10.0762 5.5298 9.4890 5.7105 0.6143
4 7 2019/08/11 03:55:54.00 30 HD151890 11.8900 189.7040 -2.8372 2.8162 -3.2774 3.0554 0.5010
4 7 2019/08/11 03:57:55.00 30 HD158926 13.6130 181.7780 10.3404 5.8756 9.7783 5.9657 0.5693
4 7 2019/08/11 03:57:55.00 30 HD159532 7.7760 180.9010 12.0332 -4.0922 11.3588 -3.8535 0.7154
4 7 2019/08/11 03:57:55.00 30 HD151680 15.4400 191.1480 -5.1861 8.9054 -5.6981 8.9791 0.5173
4 7 2019/08/11 03:57:55.00 30 HD160578 11.7250 179.9540 13.4873 2.7194 12.8785 2.8871 0.6315
4 7 2019/08/11 03:57:55.00 30 HD158408 13.4010 182.3530 9.3856 5.4884 8.8784 5.6650 0.5370
4 7 2019/08/11 03:57:55.00 30 HD151890 11.8230 190.1040 -3.5057 2.7067 -3.9625 2.7873 0.4639
4 7 2019/08/11 03:59:56.00 30 HD158926 13.6000 182.1920 9.6474 5.8353 8.2343 5.7041 1.4192
4 7 2019/08/11 03:59:56.00 30 HD159532 7.7680 181.2740 11.3955 -4.1152 10.7889 -3.8718 0.6537
4 7 2019/08/11 03:59:56.00 30 HD151680 15.3630 191.5730 -5.8902 8.7845 -6.3563 8.8631 0.4727
4 7 2019/08/11 03:59:56.00 30 HD160578 11.7240 180.3540 12.8075 2.6987 12.0791 2.8181 0.7380
4 7 2019/08/11 03:59:56.00 30 HD158408 13.3830 182.7650 8.6962 5.4435 9.0599 6.0122 0.6750
4 7 2019/08/11 03:59:56.00 30 HD151890 11.7540 190.5040 -4.1739 2.5936 -4.6207 2.7786 0.4836
4 7 2019/08/11 04:01:58.00 30 HD158926 13.5830 182.6100 8.9500 5.7911 8.3468 5.9644 0.6276
4 7 2019/08/11 04:01:58.00 30 HD159532 7.7590 181.6500 10.7537 -4.1422 10.2535 -3.8743 0.5674
4 7 2019/08/11 04:01:58.00 30 HD151680 15.2830 192.0010 -6.6000 8.6589 -7.0365 8.7222 0.4411
4 7 2019/08/11 04:01:58.00 30 HD160578 11.7200 180.7590 12.1234 2.6742 11.4981 2.8653 0.6538
4 7 2019/08/11 04:01:58.00 30 HD158408 13.3630 183.1820 8.0023 5.3945 7.3983 5.4529 0.6068
4 7 2019/08/11 04:01:58.00 30 HD151890 11.6810 190.9070 -4.8473 2.4758 -5.2340 2.6389 0.4197
4 7 2019/08/11 04:03:59.00 30 HD158926 13.5640 183.0240 8.2594 5.7436 6.8071 5.4864 1.4750
4 7 2019/08/11 04:03:59.00 30 HD159532 7.7460 182.0220 10.1182 -4.1727 9.5949 -3.9306 0.5766
4 7 2019/08/11 04:03:59.00 30 HD151680 15.2000 192.4250 -7.3038 8.5308 -7.7080 8.5780 0.4070
4 7 2019/08/11 04:03:59.00 30 HD160578 11.7140 181.1600 11.4462 2.6461 10.7993 2.6959 0.6489
4 7 2019/08/11 04:03:59.00 30 HD158408 13.3400 183.5940 7.3151 5.3423 7.7007 5.8893 0.6693
4 7 2019/08/11 04:03:59.00 30 HD151890 11.6060 191.3060 -5.5150 2.3554 -5.8794 2.5802 0.4282
4 7 2019/08/11 04:06:0.00 30 HD158926 13.5420 183.4380 7.5700 5.6925 7.0005 5.8272 0.5852
4 7 2019/08/11 04:06:0.00 30 HD159532 7.7310 182.3950 9.4838 -4.2068 8.9214 -4.0454 0.5851
4 7 2019/08/11 04:06:0.00 30 HD151680 15.1150 192.8490 -8.0075 8.3991 -8.3708 8.4376 0.3653
4 7 2019/08/11 04:06:0.00 30 HD160578 11.7050 181.5600 10.7703 2.6144 10.1533 2.8188 0.6500
4 7 2019/08/11 04:06:0.00 30 HD158408 13.3140 184.0060 6.6290 5.2865 6.0410 5.4500 0.6103
4 7 2019/08/11 04:06:0.00 30 HD151890 11.5280 191.7040 -6.1824 2.2312 -6.6614 2.4186 0.5143
4 7 2019/08/11 04:08:1.00 30 HD158926 13.5170 183.8520 6.8815 5.6379 6.2760 5.8182 0.6319
4 7 2019/08/11 04:08:1.00 30 HD159532 7.7140 182.7680 8.8504 -4.2447 8.2753 -4.0128 0.6202
4 7 2019/08/11 04:08:1.00 30 HD151680 15.0270 193.2710 -8.7112 8.2637 -9.0853 8.3086 0.3768
4 7 2019/08/11 04:08:1.00 30 HD160578 11.6930 181.9610 10.0956 2.5791 9.5182 2.6658 0.5839
4 7 2019/08/11 04:08:1.00 30 HD158408 13.2860 184.4180 5.9439 5.2272 5.4064 5.3247 0.5462
4 7 2019/08/11 04:08:1.00 30 HD151890 11.4480 192.1020 -6.8498 2.1033 -7.2801 2.1593 0.4340
4 7 2019/08/11 04:08:1.00 30 HD161471 10.6290 180.9300 11.8757 0.7974 11.2774 0.9227 0.6113
4 7 2019/08/11 04:10:3.00 30 HD158926 13.4890 184.2690 6.1885 5.5791 5.6559 5.7703 0.5658
4 7 2019/08/11 04:10:3.00 30 HD159532 7.6940 183.1430 8.2128 -4.2867 7.7091 -4.0723 0.5474
4 7 2019/08/11 04:10:3.00 30 HD151680 14.9350 193.6960 -9.4208 8.1236 -9.9164 8.2428 0.5098
4 7 2019/08/11 04:10:3.00 30 HD160578 11.6780 182.3650 9.4165 2.5398 8.8714 2.7539 0.5856
4 7 2019/08/11 04:10:3.00 30 HD158408 13.2540 184.8330 5.2540 5.1637 4.6778 5.2859 0.5890
4 7 2019/08/11 04:10:3.00 30 HD151890 11.3640 192.5020 -7.5225 1.9707 -7.9124 2.0832 0.4059
4 7 2019/08/11 04:10:3.00 30 HD161471 10.6220 181.3260 11.2043 0.7693 10.4842 0.8990 0.7317
4 7 2019/08/11 04:12:4.00 30 HD158926 13.4590 184.6820 5.5020 5.5173 4.9580 5.7092 0.5769
4 7 2019/08/11 04:12:4.00 30 HD159532 7.6710 183.5150 7.5813 -4.3320 7.0361 -4.1203 0.5848
4 7 2019/08/11 04:12:4.00 30 HD151680 14.8410 194.1170 -10.1245 7.9810 -10.5080 8.0482 0.3894
4 7 2019/08/11 04:12:4.00 30 HD160578 11.6600 182.7660 8.7441 2.4971 8.1744 2.6515 0.5903
4 7 2019/08/11 04:12:4.00 30 HD158408 13.2200 185.2450 4.5707 5.0972 3.9667 5.1869 0.6106
4 7 2019/08/11 04:12:4.00 30 HD151890 11.2790 192.8980 -8.1896 1.8354 -8.5168 2.0620 0.3980
4 7 2019/08/11 04:12:4.00 30 HD161471 10.6110 181.7190 10.5397 0.7378 9.9219 0.8543 0.6286
4 7 2019/08/11 04:12:4.00 30 HD161892 13.6920 181.3560 11.0438 6.0302 10.4150 6.1190 0.6351
4 7 2019/08/11 04:14:5.00 30 HD158926 13.4260 185.0950 4.8166 5.4519 4.3102 5.6102 0.5305
4 7 2019/08/11 04:14:5.00 30 HD159532 7.6460 183.8870 6.9507 -4.3810 6.4445 -4.1523 0.5554
4 7 2019/08/11 04:14:5.00 30 HD151680 14.7450 194.5370 -10.8285 7.8347 -11.1801 7.8267 0.3517
4 7 2019/08/11 04:14:5.00 30 HD160578 11.6400 183.1660 8.0728 2.4508 7.5015 2.7518 0.6458
4 7 2019/08/11 04:14:5.00 30 HD158408 13.1830 185.6560 3.8883 5.0270 3.3884 5.1801 0.5228
4 7 2019/08/11 04:14:5.00 30 HD151890 11.1910 193.2940 -8.8566 1.6963 -9.2291 1.8925 0.4210
4 7 2019/08/11 04:14:5.00 30 HD161471 10.5980 182.1120 9.8762 0.7026 9.3008 0.8998 0.6082
4 7 2019/08/11 04:14:5.00 30 HD161892 13.6820 181.7710 10.3489 5.9935 9.6833 6.3791 0.7693
4 7 2019/08/11 04:16:6.00 30 HD158926 13.3900 185.5080 4.1319 5.3829 2.7149 5.0918 1.4466
4 7 2019/08/11 04:16:6.00 30 HD159532 7.6190 184.2590 6.3210 -4.4337 5.8519 -4.1087 0.5707
4 7 2019/08/11 04:16:6.00 30 HD151680 14.6450 194.9560 -11.5325 7.6847 -11.9882 7.6821 0.4557
4 7 2019/08/11 04:16:6.00 30 HD160578 11.6170 183.5660 7.4025 2.4008 6.9073 2.6114 0.5381
4 7 2019/08/11 04:16:6.00 30 HD158408 13.1430 186.0670 3.2066 4.9533 3.6390 5.5108 0.7055
4 7 2019/08/11 04:16:6.00 30 HD151890 11.1000 193.6880 -9.5237 1.5535 -9.9658 1.5867 0.4433
4 7 2019/08/11 04:16:6.00 30 HD161471 10.5830 182.5050 9.2138 0.6638 8.6873 0.8331 0.5530
4 7 2019/08/11 04:16:6.00 30 HD161892 13.6680 182.1860 9.6553 5.9531 8.9733 6.0230 0.6856
4 7 2019/08/11 04:18:7.00 30 HD158926 13.3510 185.9200 3.4481 5.3104 2.9650 5.4745 0.5102
4 7 2019/08/11 04:18:7.00 30 HD159532 7.5890 184.6310 5.6921 -4.4901 5.1252 -4.2519 0.6149
4 7 2019/08/11 04:18:7.00 30 HD151680 14.5430 195.3740 -12.2368 7.5311 -12.4974 7.3851 0.2987
4 7 2019/08/11 04:18:7.00 30 HD160578 11.5920 183.9660 6.7332 2.3473 6.2216 2.5512 0.5507
4 7 2019/08/11 04:18:7.00 30 HD158408 13.1000 186.4770 2.5258 4.8761 1.9209 5.0805 0.6385
4 7 2019/08/11 04:18:7.00 30 HD151890 11.0060 194.0820 -10.1909 1.4070 -10.5337 1.5181 0.3604
4 7 2019/08/11 04:18:7.00 30 HD161471 10.5640 182.8970 8.5525 0.6213 8.0292 0.6495 0.5240
4 7 2019/08/11 04:18:7.00 30 HD161892 13.6520 182.6010 8.9629 5.9092 8.4209 5.9627 0.5446
4 7 2019/08/11 04:20:8.00 30 HD158926 13.3090 186.3320 2.7651 5.2343 1.3018 4.9521 1.4903
4 7 2019/08/11 04:20:8.00 30 HD159532 7.5560 185.0020 5.0640 -4.5502 4.5388 -4.4171 0.5418
4 7 2019/08/11 04:20:8.00 30 HD151680 14.4390 195.7920 -12.9414 7.3737 -13.1455 7.4424 0.2154
4 7 2019/08/11 04:20:8.00 30 HD160578 11.5640 184.3660 6.0648 2.2901 5.6567 2.4508 0.4386
4 7 2019/08/11 04:20:8.00 30 HD158408 13.0550 186.8870 1.8457 4.7952 2.2927 5.4110 0.7609
4 7 2019/08/11 04:20:8.00 30 HD151890 10.9110 194.4750 -10.8581 1.2567 -11.2081 1.3488 0.3619
4 7 2019/08/11 04:20:8.00 30 HD161471 10.5430 183.2900 7.8922 0.5751 7.4416 0.6648 0.4595
4 7 2019/08/11 04:20:8.00 30 HD161892 13.6330 183.0160 8.2716 5.8617 7.7885 6.0202 0.5085
4 7 2019/08/11 04:22:9.00 30 HD158926 13.2650 186.7440 2.0828 5.1546 1.5947 5.3238 0.5167
4 7 2019/08/11 04:22:9.00 30 HD159532 7.5210 185.3730 4.4367 -4.6140 3.9480 -4.4254 0.5238
4 7 2019/08/11 04:22:9.00 30 HD160578 11.5330 184.7650 5.3974 2.2293 4.9174 2.4175 0.5156
4 7 2019/08/11 04:22:9.00 30 HD158408 13.0070 187.2970 1.1662 4.7108 0.6840 4.8796 0.5109
4 7 2019/08/11 04:22:9.00 30 HD151890 10.8120 194.8680 -11.5255 1.1026 -11.9163 1.4206 0.5039
4 7 2019/08/11 04:22:9.00 30 HD161471 10.5200 183.6820 7.2329 0.5253 6.6858 0.6720 0.5665
4 7 2019/08/11 04:22:9.00 30 HD161892 13.6110 183.4300 7.5814 5.8106 7.0473 5.9448 0.5507
4 7 2019/08/11 04:24:11.00 30 HD158926 13.2170 187.1580 1.3956 5.0706 0.9199 5.2368 0.5039
4 7 2019/08/11 04:24:11.00 30 HD159532 7.4830 185.7470 3.8049 -4.6820 3.3642 -4.4715 0.4884
4 7 2019/08/11 04:24:11.00 30 HD160578 11.4990 185.1670 4.7253 2.1643 4.2173 2.3028 0.5266
4 7 2019/08/11 04:24:11.00 30 HD158408 12.9560 187.7100 0.4817 4.6220 -0.1669 4.7621 0.6636
4 7 2019/08/11 04:24:11.00 30 HD151890 10.7100 195.2630 -12.1985 0.9434 -12.5571 0.9792 0.3604
4 7 2019/08/11 04:24:11.00 30 HD161471 10.4930 184.0770 6.5692 0.4714 6.0278 0.6497 0.5700
4 7 2019/08/11 04:24:11.00 30 HD161892 13.5860 183.8480 6.8866 5.7555 6.2967 5.8028 0.5918
4 7 2019/08/11 04:26:12.00 30 HD158926 13.1680 187.5690 0.7147 4.9837 0.2612 5.1222 0.4741
4 7 2019/08/11 04:26:12.00 30 HD159532 7.4430 186.1180 3.1790 -4.7531 2.6898 -4.4805 0.5601
4 7 2019/08/11 04:26:12.00 30 HD160578 11.4620 185.5660 4.0596 2.0962 3.5663 2.3000 0.5338
4 7 2019/08/11 04:26:12.00 30 HD158408 12.9020 188.1180 -0.1965 4.5303 -0.6762 4.6234 0.4886
4 7 2019/08/11 04:26:12.00 30 HD151890 10.6060 195.6530 -12.8663 0.7816 -13.3254 0.7408 0.4609
4 7 2019/08/11 04:26:12.00 30 HD161471 10.4640 184.4690 5.9118 0.4142 5.3955 0.5227 0.5275
4 7 2019/08/11 04:26:12.00 30 HD161892 13.5580 184.2620 6.1986 5.6972 5.5844 5.6612 0.6152
4 7 2019/08/11 04:28:13.00 30 HD158926 13.1150 187.9790 0.0344 4.8932 -0.3852 5.0214 0.4387
4 7 2019/08/11 04:28:13.00 30 HD159532 7.4010 186.4880 2.5538 -4.8280 2.0311 -4.6215 0.5620
4 7 2019/08/11 04:28:13.00 30 HD160578 11.4230 185.9650 3.3947 2.0245 2.9238 2.2835 0.5374
4 7 2019/08/11 04:28:13.00 30 HD158408 12.8460 188.5270 -0.8742 4.4351 -1.4162 4.6541 0.5846
4 7 2019/08/11 04:28:13.00 30 HD161471 10.4320 184.8610 5.2553 0.3534 4.7362 0.5556 0.5570
4 7 2019/08/11 04:28:13.00 30 HD161892 13.5280 184.6760 5.5115 5.6354 5.0424 5.9092 0.5431
4 7 2019/08/11 04:30:15.00 30 HD158926 13.0590 188.3920 -0.6510 4.7983 -2.0614 4.5400 1.4339
4 7 2019/08/11 04:30:15.00 30 HD159532 7.3560 186.8610 1.9241 -4.9072 1.4264 -4.7090 0.5357
4 7 2019/08/11 04:30:15.00 30 HD160578 11.3810 186.3660 2.7250 1.9485 2.3054 2.0507 0.4318
4 7 2019/08/11 04:30:15.00 30 HD158408 12.7860 188.9380 -1.5570 4.3354 -1.1482 4.9692 0.7542
4 7 2019/08/11 04:30:15.00 30 HD161471 10.3980 185.2560 4.5941 0.2884 4.1050 0.3874 0.4990
4 7 2019/08/11 04:30:15.00 30 HD161892 13.4950 185.0930 4.8196 5.5694 4.4089 5.6603 0.4206
4 7 2019/08/11 04:32:17.00 30 HD158926 13.0000 188.8050 -1.3359 4.6998 -1.7819 4.8305 0.4648
4 7 2019/08/11 04:32:17.00 30 HD159532 7.3080 187.2330 1.2949 -4.9901 0.8486 -4.8614 0.4645
4 7 2019/08/11 04:32:17.00 30 HD160578 11.3360 186.7670 2.0560 1.8688 1.5811 2.0160 0.4972
4 7 2019/08/11 04:32:17.00 30 HD158408 12.7230 189.3480 -2.2393 4.2320 -2.7756 4.4100 0.5650
4 7 2019/08/11 04:32:17.00 30 HD161471 10.3610 185.6500 3.9339 0.2197 3.4846 0.3521 0.4684
4 7 2019/08/11 04:32:17.00 30 HD161892 13.4580 185.5090 4.1286 5.4998 3.6969 5.6256 0.4496
4 7 2019/08/11 04:34:18.00 30 HD158926 12.9390 189.2140 -2.0146 4.5985 -3.4470 4.2953 1.4641
4 7 2019/08/11 04:34:18.00 30 HD159532 7.2580 187.6020 0.6715 -5.0761 0.1497 -4.9227 0.5439
4 7 2019/08/11 04:34:18.00 30 HD160578 11.2890 187.1650 1.3932 1.7862 0.9479 1.9280 0.4674
4 7 2019/08/11 04:34:18.00 30 HD158408 12.6590 189.7550 -2.9156 4.1259 -2.4649 4.7210 0.7465
4 7 2019/08/11 04:34:18.00 30 HD161892 13.4190 185.9220 3.4442 5.4272 2.9820 5.5371 0.4750
4 7 2019/08/11 04:36:20.00 30 HD158926 12.8750 189.6260 -2.6986 4.4927 -3.1759 4.5752 0.4844
4 7 2019/08/11 04:36:20.00 30 HD159532 7.2050 187.9740 0.0435 -5.1665 -0.4169 -4.9317 0.5168
4 7 2019/08/11 04:36:20.00 30 HD160578 11.2390 187.5650 0.7255 1.6992 0.2636 1.8918 0.5004
4 7 2019/08/11 04:36:20.00 30 HD158408 12.5910 190.1640 -3.5972 4.0152 -4.1429 4.0864 0.5504
4 7 2019/08/11 04:36:20.00 30 HD161471 10.2780 186.4340 2.6209 0.0718 2.0460 0.1211 0.5770
4 7 2019/08/11 04:36:20.00 30 HD161892 13.3770 186.3380 2.7548 5.3504 2.2149 5.5550 0.5774
4 7 2019/08/11 04:38:22.00 30 HD158926 12.8080 190.0370 -3.3821 4.3832 -3.8032 4.5765 0.4633
4 7 2019/08/11 04:38:22.00 30 HD169022 16.3730 179.7200 13.6768 10.7501 12.9850 10.8856 0.7049
4 7 2019/08/11 04:38:22.00 30 HD159532 7.1500 188.3460 -0.5840 -5.2607 -0.9936 -5.1107 0.4361
4 7 2019/08/11 04:38:22.00 30 HD160578 11.1860 187.9650 0.0584 1.6084 -0.5559 1.8280 0.6524
4 7 2019/08/11 04:38:22.00 30 HD158408 12.5200 190.5730 -4.2784 3.9008 -4.8294 4.0894 0.5824
4 7 2019/08/11 04:38:22.00 30 HD161471 10.2330 186.8270 1.9628 -0.0080 1.3980 0.2073 0.6044
4 7 2019/08/11 04:38:22.00 30 HD161892 13.3330 186.7530 2.0663 5.2699 1.5154 5.3982 0.5656
4 7 2019/08/11 04:40:23.00 30 HD158926 12.7390 190.4440 -4.0598 4.2710 -4.5346 4.4347 0.5023
4 7 2019/08/11 04:40:23.00 30 HD169022 16.3730 180.1550 12.9500 10.7219 12.2443 10.7956 0.7095
4 7 2019/08/11 04:40:23.00 30 HD159532 7.0920 188.7130 -1.2059 -5.3578 -1.6139 -5.1449 0.4602
4 7 2019/08/11 04:40:23.00 30 HD160578 11.1300 188.3610 -0.6027 1.5148 -1.0567 1.7976 0.5349
4 7 2019/08/11 04:40:23.00 30 HD158408 12.4470 190.9780 -4.9538 3.7837 -5.4369 3.9475 0.5101
4 7 2019/08/11 04:40:23.00 30 HD161471 10.1860 187.2170 1.3108 -0.0908 0.5655 -0.0015 0.7505
4 7 2019/08/11 04:40:23.00 30 HD167618 13.9820 181.4940 10.8037 6.5215 10.1721 6.5975 0.6361
4 7 2019/08/11 04:40:23.00 30 HD161892 13.2850 187.1650 1.3840 5.1865 0.9635 5.3659 0.4572
4 7 2019/08/11 04:42:25.00 30 HD158926 12.6660 190.8530 -4.7427 4.1541 -5.1020 4.2933 0.3854
4 7 2019/08/11 04:42:25.00 30 HD169022 16.3700 180.5930 12.2188 10.6900 11.5164 10.7760 0.7076
4 7 2019/08/11 04:42:25.00 30 HD159532 7.0320 189.0840 -1.8325 -5.4594 -2.2723 -5.3280 0.4590
4 7 2019/08/11 04:42:25.00 30 HD160578 11.0720 188.7600 -1.2687 1.4167 -1.7145 1.5482 0.4648
4 7 2019/08/11 04:42:25.00 30 HD158408 12.3710 191.3860 -5.6345 3.6619 -5.9849 3.7140 0.3543
4 7 2019/08/11 04:42:25.00 30 HD161471 10.1350 187.6090 0.6539 -0.1780 0.2138 -0.0198 0.4676
4 7 2019/08/11 04:42:25.00 30 HD167618 13.9700 181.9140 10.1006 6.4827 9.5805 6.6859 0.5584
4 7 2019/08/11 04:42:25.00 30 HD161892 13.2350 187.5800 0.6968 5.0988 0.2525 5.1556 0.4480
4 7 2019/08/11 04:44:26.00 30 HD158926 12.5910 191.2590 -5.4197 4.0346 -5.7981 4.1633 0.3996
4 7 2019/08/11 04:44:26.00 30 HD169022 16.3650 181.0280 11.4950 10.6547 10.8713 10.7294 0.6282
4 7 2019/08/11 04:44:26.00 30 HD159532 6.9700 189.4510 -2.4536 -5.5639 -2.9283 -5.4294 0.4934
4 7 2019/08/11 04:44:26.00 30 HD160578 11.0110 189.1550 -1.9288 1.3158 -2.4278 1.4860 0.5272
4 7 2019/08/11 04:44:26.00 30 HD158408 12.2930 191.7890 -6.3094 3.5375 -6.8650 3.6612 0.5692
4 7 2019/08/11 04:44:26.00 30 HD167618 13.9560 182.3310 9.4045 6.4407 8.7862 6.4888 0.6201
4 7 2019/08/11 04:44:26.00 30 HD161892 13.1820 187.9900 0.0158 5.0082 -0.5162 5.1453 0.5495
4 7 2019/08/11 04:46:28.00 30 HD158926 12.5130 191.6680 -6.1022 3.9103 -6.5358 4.0321 0.4504
4 7 2019/08/11 04:46:28.00 30 HD169022 16.3560 181.4660 10.7667 10.6156 10.1247 10.7466 0.6553
4 7 2019/08/11 04:46:28.00 30 HD159532 6.9040 189.8200 -3.0795 -5.6731 -3.5756 -5.5194 0.5194
4 7 2019/08/11 04:46:28.00 30 HD160578 10.9480 189.5530 -2.5940 1.2103 -3.0845 1.3302 0.5050
4 7 2019/08/11 04:46:28.00 30 HD158408 12.2110 192.1960 -6.9897 3.4083 -7.4200 3.4926 0.4385
4 7 2019/08/11 04:46:28.00 30 HD161471 10.0260 188.3900 -0.6528 -0.3627 -1.1834 -0.2646 0.5396
4 7 2019/08/11 04:46:28.00 30 HD167618 13.9380 182.7520 8.7038 6.3947 8.2324 6.5349 0.4919
4 7 2019/08/11 04:46:28.00 30 HD161892 13.1260 188.4040 -0.6702 4.9132 -1.1215 4.9514 0.4530
4 7 2019/08/11 04:48:30.00 30 HD158926 12.4320 192.0760 -6.7845 3.7824 -7.2073 3.8525 0.4286
4 7 2019/08/11 04:48:30.00 30 HD169022 16.3450 181.9040 10.0398 10.5730 9.4787 10.7643 0.5929
4 7 2019/08/11 04:48:30.00 30 HD159532 6.8370 190.1890 -3.7050 -5.7860 -4.1125 -5.6094 0.4441
4 7 2019/08/11 04:48:30.00 30 HD160578 10.8810 189.9500 -3.2587 1.1011 -3.7314 1.3761 0.5468
4 7 2019/08/11 04:48:30.00 30 HD158408 12.1270 192.6010 -7.6700 3.2753 -8.0148 3.3383 0.3505
4 7 2019/08/11 04:48:30.00 30 HD161471 9.9680 188.7810 -1.3080 -0.4610 -1.7366 -0.0240 0.6120
4 7 2019/08/11 04:48:30.00 30 HD167618 13.9180 183.1720 8.0043 6.3451 7.4066 6.4845 0.6138
4 7 2019/08/11 04:48:30.00 30 HD161892 13.0670 188.8170 -1.3557 4.8146 -1.7544 4.9581 0.4237
4 7 2019/08/11 04:50:31.00 30 HD158926 12.3500 192.4790 -7.4610 3.6518 -7.8387 3.7781 0.3982
4 7 2019/08/11 04:50:31.00 30 HD169022 16.3300 182.3390 9.3202 10.5271 8.7627 10.7011 0.5841
4 7 2019/08/11 04:50:31.00 30 HD159532 6.7670 190.5550 -4.3250 -5.9018 -4.7191 -5.7026 0.4415
4 7 2019/08/11 04:50:31.00 30 HD160578 10.8130 190.3440 -3.9177 0.9891 -4.4033 1.1679 0.5175
4 7 2019/08/11 04:50:31.00 30 HD158408 12.0410 193.0030 -8.3446 3.1398 -8.7664 3.2773 0.4437
4 7 2019/08/11 04:50:31.00 30 HD161471 9.9070 189.1680 -1.9575 -0.5623 -2.6756 -0.5515 0.7182
4 7 2019/08/11 04:50:31.00 30 HD167618 13.8950 183.5880 7.3117 6.2923 6.7526 6.4519 0.5815
4 7 2019/08/11 04:50:31.00 30 HD161892 13.0060 189.2270 -2.0351 4.7132 -2.6153 4.8672 0.6002
4 7 2019/08/11 04:52:33.00 30 HD158926 12.2630 192.8860 -8.1431 3.5164 -8.5557 3.6194 0.4252
4 7 2019/08/11 04:52:33.00 30 HD169022 16.3130 182.7770 8.5959 10.4774 8.0335 10.6397 0.5854
4 7 2019/08/11 04:52:33.00 30 HD159532 6.6950 190.9230 -4.9500 -6.0223 -5.3637 -5.8263 0.4579
4 7 2019/08/11 04:52:33.00 30 HD160578 10.7410 190.7400 -4.5818 0.8725 -5.1296 1.0783 0.5851
4 7 2019/08/11 04:52:33.00 30 HD158408 11.9510 193.4070 -9.0247 2.9993 -9.4913 3.0388 0.4682
4 7 2019/08/11 04:52:33.00 30 HD161471 9.8440 189.5580 -2.6119 -0.6680 -3.0165 -0.2993 0.5474
4 7 2019/08/11 04:52:33.00 30 HD167618 13.8690 184.0080 6.6144 6.2354 6.1331 6.4575 0.5301
4 7 2019/08/11 04:52:33.00 30 HD161892 12.9420 189.6390 -2.7197 4.6072 -3.0982 4.6335 0.3794
4 8 2019/07/21 06:28:4.00 30 HD151680 11.3890 204.8940 -1.4902 1.9566 -1.9366 2.0688 0.4603
4 8 2019/07/21 06:28:4.00 30 HD158408 11.3180 195.9600 13.4942 2.0198 12.9183 2.0100 0.5760
4 8 2019/07/21 06:28:4.00 30 HD149438 15.6010 210.3690 -10.5188 9.3024 -10.7801 9.4264 0.2893
4 8 2019/07/21 06:28:4.00 30 HD151890 8.0960 203.0770 1.5556 -3.6465 1.1462 -3.4888 0.4387
4 8 2019/07/21 06:28:4.00 30 HD149447 9.3530 207.1030 -5.2125 -1.4850 -5.7752 -1.4823 0.5627
4 8 2019/07/21 06:28:4.00 30 HD148703 9.3960 208.2790 -7.1937 -1.3911 -7.6615 -1.2995 0.4767
4 8 2019/07/21 06:28:4.00 30 HD154090 12.6810 202.0840 3.1825 4.1647 2.7899 4.2507 0.4019
4 8 2019/07/21 06:28:4.00 30 HD153613 14.3000 203.4070 0.9790 6.9168 0.5535 6.9706 0.4289
4 8 2019/07/21 06:30:4.00 30 HD158926 11.5480 195.8480 13.6735 2.4194 12.2844 1.8645 1.4958
4 8 2019/07/21 06:30:4.00 30 HD151680 11.2250 205.2810 -2.1375 1.6806 -2.5357 1.7976 0.4151
4 8 2019/07/21 06:30:4.00 30 HD158408 11.2110 196.3510 12.8342 1.8178 12.9705 2.4472 0.6440
4 8 2019/07/21 06:30:4.00 30 HD149438 15.4040 210.7790 -11.2087 8.9839 -11.4891 9.0245 0.2834
4 8 2019/07/21 06:30:4.00 30 HD151890 7.9440 203.4440 0.9373 -3.9061 0.5081 -3.7425 0.4593
4 8 2019/07/21 06:30:4.00 30 HD152334 4.2280 201.2820 4.6395 -10.2548 4.1198 -10.3843 0.5355
4 8 2019/07/21 06:30:4.00 30 HD149447 9.1770 207.4760 -5.8442 -1.7800 -6.3307 -1.6945 0.4939
4 8 2019/07/21 06:30:4.00 30 HD148703 9.2130 208.6520 -7.8277 -1.6963 -8.1853 -1.6214 0.3654
4 8 2019/07/21 06:30:4.00 30 HD154090 12.5340 202.4820 2.5231 3.9108 2.0699 3.9415 0.4542
4 8 2019/07/21 06:30:4.00 30 HD153613 14.1450 203.8150 0.3062 6.6510 0.0024 6.7614 0.3233
4 8 2019/07/21 06:32:4.00 30 HD158926 11.4410 196.2410 13.0110 2.2178 12.5303 2.3529 0.4992
4 8 2019/07/21 06:32:4.00 30 HD151680 11.0590 205.6670 -2.7835 1.4014 -3.2111 1.4526 0.4306
4 8 2019/07/21 06:32:4.00 30 HD158408 11.1010 196.7420 12.1764 1.6128 11.7282 1.6814 0.4534
4 8 2019/07/21 06:32:4.00 30 HD149438 15.2050 211.1870 -11.8979 8.6622 -12.1946 8.6040 0.3024
4 8 2019/07/21 06:32:4.00 30 HD151890 7.7900 203.8100 0.3203 -4.1689 -0.0053 -4.0738 0.3391
4 8 2019/07/21 06:32:4.00 30 HD152334 4.0890 201.6240 4.0554 -10.4946 4.0087 -10.3866 0.1176
4 8 2019/07/21 06:32:4.00 30 HD149447 8.9980 207.8480 -6.4750 -2.0784 -6.8407 -1.9606 0.3842
4 8 2019/07/21 06:32:4.00 30 HD148703 9.0270 209.0240 -8.4609 -2.0049 -8.8091 -2.0141 0.3484
4 8 2019/07/21 06:32:4.00 30 HD154090 12.3850 202.8780 1.8652 3.6538 1.4758 3.6763 0.3901
4 8 2019/07/21 06:32:4.00 30 HD153613 13.9870 204.2210 -0.3650 6.3823 -0.8259 6.3951 0.4611
4 8 2019/07/21 06:34:4.00 30 HD158926 11.3320 196.6330 12.3507 2.0132 11.8255 2.0557 0.5269
4 8 2019/07/21 06:34:4.00 30 HD151680 10.8910 206.0520 -3.4284 1.1190 -3.7797 1.1724 0.3553
4 8 2019/07/21 06:34:4.00 30 HD158408 10.9880 197.1310 11.5209 1.4047 11.1450 1.5119 0.3908
4 8 2019/07/21 06:34:4.00 30 HD149438 15.0040 211.5940 -12.5864 8.3374 -12.7590 8.2691 0.1856
4 8 2019/07/21 06:34:4.00 30 HD151890 7.6340 204.1750 -0.2954 -4.4350 -0.6408 -4.3272 0.3618
4 8 2019/07/21 06:34:4.00 30 HD152334 3.9490 201.9660 3.4727 -10.7374 2.9005 -10.5579 0.5997
4 8 2019/07/21 06:34:4.00 30 HD149447 8.8170 208.2190 -7.1049 -2.3801 -7.3934 -2.3234 0.2940
4 8 2019/07/21 06:34:4.00 30 HD148703 8.8390 209.3940 -9.0933 -2.3169 -9.3901 -2.2939 0.2976
4 8 2019/07/21 06:34:4.00 30 HD154090 12.2340 203.2730 1.2090 3.3937 0.8254 3.2982 0.3953
4 8 2019/07/21 06:34:4.00 30 HD153613 13.8280 204.6250 -1.0349 6.1105 -1.3654 6.1153 0.3306
4 8 2019/07/21 06:36:4.00 30 HD158926 11.2200 197.0250 11.6927 1.8055 11.1236 1.8308 0.5696
4 8 2019/07/21 06:36:4.00 30 HD151680 10.7210 206.4350 -4.0721 0.8334 -4.4433 0.8526 0.3717
4 8 2019/07/21 06:36:4.00 30 HD158408 10.8740 197.5200 10.8675 1.1935 10.4293 1.2717 0.4452
4 8 2019/07/21 06:36:4.00 30 HD149438 14.8000 211.9990 -13.2745 8.0094 -13.2722 7.9222 0.0872
4 8 2019/07/21 06:36:4.00 30 HD151890 7.4760 204.5390 -0.9098 -4.7043 -1.2623 -4.5145 0.4003
4 8 2019/07/21 06:36:4.00 30 HD149447 8.6340 208.5880 -7.7340 -2.6851 -8.2207 -2.9944 0.5767
4 8 2019/07/21 06:36:4.00 30 HD148703 8.6490 209.7630 -9.7250 -2.6323 -9.8716 -2.6140 0.1477
4 8 2019/07/21 06:36:4.00 30 HD154090 12.0800 203.6670 0.5542 3.1305 0.1190 3.0853 0.4376
4 8 2019/07/21 06:36:4.00 30 HD153613 13.6650 205.0290 -1.7032 5.8357 -2.1143 5.8330 0.4111
4 8 2019/07/21 06:38:4.00 30 HD158926 11.1060 197.4150 11.0369 1.5949 10.5666 1.6959 0.4810
4 8 2019/07/21 06:38:4.00 30 HD151680 10.5480 206.8180 -4.7147 0.5445 -5.1462 0.5954 0.4345
4 8 2019/07/21 06:38:4.00 30 HD158408 10.7560 197.9070 10.2163 0.9793 9.7538 1.0314 0.4654
4 8 2019/07/21 06:38:4.00 30 HD151890 7.3150 204.9020 -1.5230 -4.9769 -1.8166 -4.8061 0.3397
4 8 2019/07/21 06:38:4.00 30 HD149447 8.4490 208.9570 -8.3622 -2.9936 -8.8164 -2.9154 0.4609
4 8 2019/07/21 06:38:4.00 30 HD148703 8.4570 210.1310 -10.3561 -2.9512 -10.8153 -2.8839 0.4642
4 8 2019/07/21 06:38:4.00 30 HD154090 11.9240 204.0590 -0.0990 2.8643 -0.8919 2.8051 0.7951
4 8 2019/07/21 06:38:4.00 30 HD153613 13.5000 205.4310 -2.3703 5.5579 -2.6802 5.5932 0.3119
4 8 2019/07/21 06:40:4.00 30 HD158926 10.9890 197.8040 10.3833 1.3811 9.9347 1.4528 0.4543
4 8 2019/07/21 06:40:4.00 30 HD151680 10.3730 207.1990 -5.3563 0.2524 -5.8227 0.2351 0.4668
4 8 2019/07/21 06:40:4.00 30 HD160578 9.6480 195.5450 14.2757 -0.8306 13.4379 -0.8108 0.8380
4 8 2019/07/21 06:40:4.00 30 HD158408 10.6360 198.2940 9.5672 0.7620 9.1409 0.8045 0.4284
4 8 2019/07/21 06:40:4.00 30 HD151890 7.1530 205.2630 -2.1349 -5.2528 -2.4530 -5.0305 0.3880
4 8 2019/07/21 06:40:4.00 30 HD154090 11.7650 204.4510 -0.7509 2.5949 -1.2379 2.5926 0.4871
4 8 2019/07/21 06:40:4.00 30 HD153613 13.3330 205.8310 -3.0360 5.2770 -3.4555 5.0493 0.4772
4 8 2019/07/21 06:42:4.00 30 HD158926 10.8700 198.1920 9.7317 1.1643 9.3094 1.2459 0.4302
4 8 2019/07/21 06:42:4.00 30 HD159532 5.5080 195.7380 14.1301 -7.9682 13.3109 -7.7838 0.8397
4 8 2019/07/21 06:42:4.00 30 HD151680 10.1950 207.5780 -5.9968 -0.0430 -6.4307 -0.0353 0.4339
4 8 2019/07/21 06:42:4.00 30 HD160578 9.5430 195.9250 13.6299 -1.0256 13.1003 -0.9391 0.5366
4 8 2019/07/21 06:42:4.00 30 HD158408 10.5140 198.6800 8.9201 0.5416 8.4629 0.5652 0.4578
4 8 2019/07/21 06:42:4.00 30 HD151890 6.9880 205.6240 -2.7458 -5.5319 -3.0612 -5.3690 0.3551
4 8 2019/07/21 06:42:4.00 30 HD149447 8.0730 209.6890 -9.6164 -3.6208 -9.8240 -3.5328 0.2255
4 8 2019/07/21 06:42:4.00 30 HD148703 8.0670 210.8620 -11.6163 -3.5993 -11.7971 -3.4719 0.2212
4 8 2019/07/21 06:42:4.00 30 HD154090 11.6040 204.8410 -1.4014 2.3224 -1.6382 2.6028 0.3670
4 8 2019/07/21 06:42:4.00 30 HD153613 13.1640 206.2310 -3.7005 4.9930 -4.0363 4.9889 0.3359
4 8 2019/07/21 06:44:4.00 30 HD158926 10.7480 198.5800 9.0823 0.9444 8.6498 1.0591 0.4474
4 8 2019/07/21 06:44:4.00 30 HD159532 5.4030 196.0900 13.5242 -8.1571 13.0430 -7.9095 0.5412
4 8 2019/07/21 06:44:4.00 30 HD151680 10.0160 207.9570 -6.6364 -0.3417 -7.0124 -0.3003 0.3783
4 8 2019/07/21 06:44:4.00 30 HD160578 9.4360 196.3050 12.9864 -1.2238 12.5744 -1.1072 0.4281
4 8 2019/07/21 06:44:4.00 30 HD158408 10.3890 199.0650 8.2750 0.3182 7.8937 0.3672 0.3844
4 8 2019/07/21 06:44:4.00 30 HD151890 6.8210 205.9830 -3.3555 -5.8144 -3.6697 -5.6489 0.3551
4 8 2019/07/21 06:44:4.00 30 HD161892 11.7280 195.4320 14.3740 2.7508 13.4754 2.8535 0.9044
4 8 2019/07/21 06:44:4.00 30 HD154090 11.4410 205.2300 -2.0505 2.0468 -2.3849 2.1575 0.3523
4 8 2019/07/21 06:46:4.00 30 HD159532 5.2960 196.4420 12.9204 -8.3491 12.3399 -8.1776 0.6052
4 8 2019/07/21 06:46:4.00 30 HD151680 9.8340 208.3340 -7.2750 -0.6438 -7.7819 -0.6384 0.5069
4 8 2019/07/21 06:46:4.00 30 HD160578 9.3270 196.6830 12.3451 -1.4251 11.8162 -1.3089 0.5414
4 8 2019/07/21 06:46:4.00 30 HD151890 6.6520 206.3410 -3.9641 -6.1002 -4.3070 -5.9266 0.3843
4 8 2019/07/21 06:46:4.00 30 HD161471 8.5550 195.4180 14.5437 -2.7039 13.6769 -2.7449 0.8678
4 8 2019/07/21 06:46:4.00 30 HD161892 11.6240 195.8260 13.7082 2.5523 13.0596 2.5457 0.6487
4 8 2019/07/21 06:46:4.00 30 HD159433 9.3580 197.9210 10.2387 -1.4120 9.8100 -1.2847 0.4472
4 8 2019/07/21 06:46:4.00 30 HD154090 11.2750 205.6170 -2.6984 1.7680 -3.1189 1.8194 0.4236
4 8 2019/07/21 06:46:4.00 30 HD153613 12.8170 207.0250 -5.0259 4.4156 -5.3080 4.0959 0.4264
4 8 2019/07/21 06:48:4.00 30 HD158926 10.4970 199.3520 7.7892 0.4955 7.3386 0.5543 0.4545
4 8 2019/07/21 06:48:4.00 30 HD159532 5.1880 196.7920 12.3185 -8.5443 11.7997 -8.2661 0.5887
4 8 2019/07/21 06:48:4.00 30 HD151680 9.6500 208.7090 -7.9128 -0.9492 -8.3109 -0.9464 0.3981
4 8 2019/07/21 06:48:4.00 30 HD160578 9.2150 197.0610 11.7059 -1.6295 11.2584 -1.5598 0.4529
4 8 2019/07/21 06:48:4.00 30 HD158408 10.1330 199.8310 6.9905 -0.1380 6.5502 -0.1386 0.4403
4 8 2019/07/21 06:48:4.00 30 HD151890 6.4810 206.6980 -4.5717 -6.3893 -4.8874 -6.3303 0.3211
4 8 2019/07/21 06:48:4.00 30 HD161471 8.4520 195.7910 13.9078 -2.8957 13.3918 -2.8454 0.5184
4 8 2019/07/21 06:48:4.00 30 HD161892 11.5180 196.2190 13.0449 2.3508 12.5867 2.2957 0.4615
4 8 2019/07/21 06:48:4.00 30 HD159433 9.2380 198.2980 9.6025 -1.6273 9.0899 -1.4821 0.5327
4 8 2019/07/21 06:52:4.00 30 HD158926 10.2370 200.1200 6.5038 0.0341 6.0795 0.0921 0.4283
4 8 2019/07/21 06:52:4.00 30 HD159532 4.9630 197.4920 11.1206 -8.9442 10.6394 -8.9091 0.4825
4 8 2019/07/21 06:52:4.00 30 HD151680 9.2750 209.4560 -9.1860 -1.5701 -9.5828 -1.5755 0.3968
4 8 2019/07/21 06:52:4.00 30 HD160578 8.9840 197.8130 10.4338 -2.0476 9.9365 -2.0361 0.4975
4 8 2019/07/21 06:52:4.00 30 HD158408 9.8660 200.5940 5.7133 -0.6066 5.2633 -0.5918 0.4503
4 8 2019/07/21 06:52:4.00 30 HD151890 6.1330 207.4080 -5.7839 -6.9775 -6.1440 -6.8255 0.3908
4 8 2019/07/21 06:52:4.00 30 HD161471 8.2380 196.5340 12.6426 -3.2886 12.2316 -3.2404 0.4138
4 8 2019/07/21 06:52:4.00 30 HD161892 11.2970 197.0040 11.7250 1.9386 11.2858 2.0232 0.4473
4 8 2019/07/21 06:52:4.00 30 HD159433 8.9920 199.0500 8.3359 -2.0672 7.9001 -1.9745 0.4455
4 8 2019/07/21 06:52:4.00 30 HD157919 16.5330 203.9800 0.0333 10.7461 -0.4100 10.5807 0.4732
4 8 2019/07/21 06:54:4.00 30 HD158926 10.1030 200.5020 5.8639 -0.2012 5.4339 -0.1091 0.4397
4 8 2019/07/21 06:54:4.00 30 HD159532 4.8480 197.8400 10.5244 -9.1488 9.9531 -9.0531 0.5793
4 8 2019/07/21 06:54:4.00 30 HD151680 9.0850 209.8280 -9.8215 -1.8856 -10.1653 -1.9104 0.3447
4 8 2019/07/21 06:54:4.00 30 HD160578 8.8650 198.1880 9.8008 -2.2614 9.3401 -2.2058 0.4640
4 8 2019/07/21 06:54:4.00 30 HD158408 9.7290 200.9740 5.0774 -0.8456 4.6421 -0.8168 0.4362
4 8 2019/07/21 06:54:4.00 30 HD151890 5.9570 207.7610 -6.3887 -7.2766 -6.6412 -7.1606 0.2779
4 8 2019/07/21 06:54:4.00 30 HD161471 8.1270 196.9040 12.0132 -3.4898 11.5228 -3.4108 0.4967
4 8 2019/07/21 06:54:4.00 30 HD161892 11.1830 197.3950 11.0685 1.7279 10.5672 1.6583 0.5061
4 8 2019/07/21 06:54:4.00 30 HD159433 8.8650 199.4250 7.7054 -2.2918 7.2915 -2.1570 0.4353
4 8 2019/07/21 06:54:4.00 30 HD157919 16.3750 204.4010 -0.6589 10.4739 -1.0043 10.4264 0.3487
4 8 2019/07/21 06:54:4.00 30 HD161840 16.2220 199.1620 7.9613 10.3053 7.5697 10.0754 0.4541
4 8 2019/07/21 06:56:4.00 30 HD158926 9.9670 200.8830 5.2256 -0.4396 4.8478 -0.3453 0.3894
4 8 2019/07/21 06:56:4.00 30 HD159532 4.7310 198.1880 9.9301 -9.3566 9.4261 -9.2500 0.5152
4 8 2019/07/21 06:56:4.00 30 HD151680 8.8920 210.1980 -10.4563 -2.2046 -10.8645 -2.2614 0.4122
4 8 2019/07/21 06:56:4.00 30 HD160578 8.7440 198.5620 9.1697 -2.4783 8.7465 -2.3764 0.4354
4 8 2019/07/21 06:56:4.00 30 HD158408 9.5900 201.3520 4.4431 -1.0877 4.1007 -1.0642 0.3432
4 8 2019/07/21 06:56:4.00 30 HD151890 5.7780 208.1130 -6.9925 -7.5790 -7.1946 -7.3998 0.2701
4 8 2019/07/21 06:56:4.00 30 HD161471 8.0140 197.2740 11.3858 -3.6942 10.9431 -3.6220 0.4486
4 8 2019/07/21 06:56:4.00 30 HD161892 11.0660 197.7840 10.4140 1.5142 9.9729 1.5568 0.4432
4 8 2019/07/21 06:56:4.00 30 HD159433 8.7360 199.7990 7.0768 -2.5196 6.6828 -2.4391 0.4022
4 8 2019/07/21 06:56:4.00 30 HD157919 16.2140 204.8220 -1.3495 10.1988 -1.7099 10.3105 0.3773
4 8 2019/07/21 07:00:4.00 30 HD158926 9.6880 201.6430 3.9543 -0.9259 3.5769 -0.8104 0.3947
4 8 2019/07/21 07:00:4.00 30 HD159532 4.4900 198.8800 8.7468 -9.7814 8.1911 -9.5219 0.6133
4 8 2019/07/21 07:00:4.00 30 HD151680 8.5010 210.9340 -11.7241 -2.8531 -12.0420 -2.8931 0.3204
4 8 2019/07/21 07:00:4.00 30 HD160578 8.4950 199.3080 7.9133 -2.9215 7.4759 -2.7595 0.4665
4 8 2019/07/21 07:00:4.00 30 HD158408 9.3050 202.1060 3.1794 -1.5815 2.7779 -1.4528 0.4216
4 8 2019/07/21 07:00:4.00 30 HD151890 5.4140 208.8140 -8.1978 -8.1939 -8.4931 -8.0320 0.3368
4 8 2019/07/21 07:00:4.00 30 HD161471 7.7810 198.0110 10.1372 -4.1123 9.5782 -3.9069 0.5955
4 8 2019/07/21 07:00:4.00 30 HD161892 10.8260 198.5610 9.1115 1.0776 8.7265 1.0518 0.3859
4 8 2019/07/21 07:00:4.00 30 HD159433 8.4700 200.5430 5.8249 -2.9847 5.4931 -2.8058 0.3769
4 8 2019/07/21 07:00:4.00 30 HD157919 15.8840 205.6580 -2.7264 9.6400 -3.1211 9.6945 0.3984
4 8 2019/07/21 07:04:5.00 30 HD158926 9.3970 202.4010 2.6842 -1.4269 2.2637 -1.4043 0.4210
4 8 2019/07/21 07:04:5.00 30 HD159532 4.2390 199.5720 7.5655 -10.2206 7.0578 -10.1884 0.5086
4 8 2019/07/21 07:04:5.00 30 HD151680 8.1000 211.6680 -12.9950 -3.5183 -13.1062 -3.4681 0.1221
4 8 2019/07/21 07:04:5.00 30 HD160578 8.2340 200.0520 6.6590 -3.3792 6.1763 -3.2246 0.5069
4 8 2019/07/21 07:04:5.00 30 HD158408 9.0090 202.8590 1.9168 -2.0900 1.4840 -2.0399 0.4357
4 8 2019/07/21 07:04:5.00 30 HD151890 5.0420 209.5120 -9.4051 -8.8250 -9.6807 -8.7202 0.2949
4 8 2019/07/21 07:04:5.00 30 HD161471 7.5380 198.7470 8.8911 -4.5449 8.4417 -4.4673 0.4560
4 8 2019/07/21 07:04:5.00 30 HD161892 10.5740 199.3370 7.8116 0.6268 7.3703 0.6954 0.4466
4 8 2019/07/21 07:04:5.00 30 HD157919 15.5420 206.4920 -4.1035 9.0671 -4.4479 9.0875 0.3450
4 8 2019/07/21 07:06:5.00 30 HD158926 9.2500 202.7770 2.0540 -1.6811 1.6810 -1.5821 0.3859
4 8 2019/07/21 07:06:5.00 30 HD159532 4.1120 199.9160 6.9797 -10.4439 6.5859 -10.3440 0.4063
4 8 2019/07/21 07:06:5.00 30 HD160578 8.1020 200.4210 6.0371 -3.6119 5.5403 -3.5440 0.5014
4 8 2019/07/21 07:06:5.00 30 HD158408 8.8590 203.2320 1.2903 -2.3480 0.8783 -2.2399 0.4259
4 8 2019/07/21 07:06:5.00 30 HD161471 7.4140 199.1120 8.2734 -4.7651 7.8735 -4.6647 0.4123
4 8 2019/07/21 07:06:5.00 30 HD161892 10.4450 199.7220 7.1673 0.3977 6.7626 0.4577 0.4090
4 8 2019/07/21 07:06:5.00 30 HD151985 4.9230 209.7930 -9.8906 -9.0254 -10.0979 -8.8343 0.2819
4 8 2019/07/21 07:06:5.00 30 HD159433 8.0540 201.6550 3.9543 -3.7081 3.6245 -3.5647 0.3596
4 8 2019/07/21 07:06:5.00 30 HD157919 15.3680 206.9050 -4.7873 8.7773 -5.1660 8.6029 0.4169
4 8 2019/07/21 07:20:5.00 30 HD158926 8.1510 205.3760 -2.3180 -3.5507 -2.7130 -3.4512 0.4072
4 8 2019/07/21 07:20:5.00 30 HD169022 14.2010 196.5200 12.4278 6.9472 11.8074 6.9469 0.6205
4 8 2019/07/21 07:20:5.00 30 HD159532 3.1650 202.2930 2.9225 -12.0919 2.5755 -11.6969 0.5258
4 8 2019/07/21 07:20:5.00 30 HD160578 7.1080 202.9770 1.7285 -5.3301 1.3211 -5.1899 0.4308
4 8 2019/07/21 07:20:5.00 30 HD158408 7.7420 205.8120 -3.0581 -4.2448 -3.4304 -4.2175 0.3732
4 8 2019/07/21 07:20:5.00 30 HD161471 6.4790 201.6410 3.9977 -6.3954 3.5994 -6.2726 0.4168
4 8 2019/07/21 07:20:5.00 30 HD167618 11.5590 197.1540 11.4617 2.3806 11.1149 2.4224 0.3493
4 8 2019/07/21 07:20:5.00 30 HD161892 9.4760 202.3870 2.7061 -1.2931 2.2669 -1.2317 0.4435
4 8 2019/07/21 07:20:5.00 30 HD159433 7.0070 204.2040 -0.3457 -5.5038 -0.7054 -5.4768 0.3608
4 8 2019/07/21 07:20:5.00 30 HD157919 14.0840 209.7550 -9.5442 6.6635 -9.9402 6.6190 0.3985
4 8 2019/07/21 07:20:5.00 30 HD161840 14.3470 204.5720 -0.9443 6.9985 -1.3844 6.9184 0.4473
4 8 2019/07/21 07:42:5.00 30 HD158926 6.2120 209.3420 -9.0787 -6.8156 -10.1422 -7.4802 1.2540
4 8 2019/07/21 07:42:5.00 30 HD169022 12.8340 200.9820 5.0132 4.4441 4.6525 4.5410 0.3735
4 8 2019/07/21 07:42:5.00 30 HD160578 5.3350 206.8860 -4.9096 -8.3508 -5.3293 -8.1687 0.4574
4 8 2019/07/21 07:42:5.00 30 HD158408 5.7780 209.7480 -9.7870 -7.5542 -9.4821 -6.6975 0.9094
4 8 2019/07/21 07:42:5.00 30 HD165135 15.0800 206.1970 -3.6221 8.2683 -4.0296 8.3573 0.4172
4 8 2019/07/21 07:42:5.00 30 HD161471 4.8010 205.5130 -2.5768 -9.2744 -2.9715 -9.0680 0.4454
4 8 2019/07/21 07:42:5.00 30 HD167618 10.1570 201.4160 4.3277 -0.1241 3.8822 -0.0307 0.4551
4 8 2019/07/21 07:42:5.00 30 HD161892 7.7260 206.4640 -4.1590 -4.2662 -4.5534 -4.1957 0.4006
4 8 2019/07/21 07:46:6.00 30 HD158926 5.8320 210.0490 -10.3023 -7.4560 -10.5760 -7.2993 0.3154
4 8 2019/07/21 07:46:6.00 30 HD169022 12.5510 201.7830 3.6853 3.9482 3.2242 3.9940 0.4633
4 8 2019/07/21 07:46:6.00 30 HD160578 4.9850 207.5850 -6.1076 -8.9451 -6.4385 -8.8111 0.3570
4 8 2019/07/21 07:46:6.00 30 HD168454 16.5520 204.1180 -0.1932 10.7775 -0.5342 10.5360 0.4178
4 8 2019/07/21 07:46:6.00 30 HD165135 14.7320 207.0190 -4.9859 7.6882 -5.2307 7.6576 0.2467
4 8 2019/07/21 07:46:6.00 30 HD161471 4.4690 206.2060 -3.7615 -9.8420 -4.0635 -9.6425 0.3619
4 8 2019/07/21 07:46:6.00 30 HD167618 9.8690 202.1810 3.0487 -0.6219 2.6647 -0.5635 0.3885
4 8 2019/07/21 07:46:6.00 30 HD161892 7.3780 207.1930 -5.3972 -4.8519 -5.8391 -4.7843 0.4470
4 8 2019/07/21 07:48:6.00 30 HD158926 5.6400 210.4000 -10.9106 -7.7800 -11.1838 -7.5928 0.3312
4 8 2019/07/21 07:48:6.00 30 HD169022 12.4070 202.1800 3.0267 3.6968 2.6245 3.7567 0.4066
4 8 2019/07/21 07:48:6.00 30 HD160578 4.8080 207.9310 -6.7027 -9.2459 -7.0482 -9.0652 0.3898
4 8 2019/07/21 07:48:6.00 30 HD168454 16.3920 204.5400 -0.8854 10.5043 -1.3127 10.3502 0.4543
4 8 2019/07/21 07:48:6.00 30 HD165135 14.5550 207.4270 -5.6632 7.3947 -6.0489 7.4421 0.3886
4 8 2019/07/21 07:48:6.00 30 HD161471 4.3010 206.5500 -4.3499 -10.1293 -4.7132 -10.0198 0.3795
4 8 2019/07/21 07:48:6.00 30 HD167618 9.7230 202.5600 2.4143 -0.8746 1.9574 -0.8313 0.4589
4 8 2019/07/21 07:48:6.00 30 HD161892 7.2020 207.5540 -6.0123 -5.1486 -6.3508 -5.0372 0.3564
