4 2 2019/07/22 09:39:57.00 30 HD018322 7.7890 108.0970 -0.1628 -4.1706 -0.6424 -3.9233 0.5396
4 2 2019/07/22 09:41:57.00 30 HD018322 8.1540 108.4310 -0.7259 -3.5487 -1.1394 -3.2510 0.5095
4 2 2019/07/22 09:43:57.00 30 HD018322 8.5180 108.7660 -1.2896 -2.9274 -1.6946 -2.7336 0.4490
4 2 2019/07/22 09:45:57.00 30 HD018322 8.8820 109.1030 -1.8541 -2.3066 -2.3610 -2.0850 0.5533
4 2 2019/07/22 09:45:57.00 30 HD018331 12.2860 105.1400 4.7588 3.5057 4.6167 3.6811 0.2258
4 2 2019/07/22 09:45:57.00 30 HD018953 8.5410 107.1400 1.4465 -2.8885 1.6476 -2.9032 0.2017
4 2 2019/07/22 09:47:57.00 30 HD018322 9.2460 109.4410 -2.4193 -1.6862 -2.8698 -1.4713 0.4991
4 2 2019/07/22 09:47:57.00 30 HD018331 12.6580 105.4800 4.1872 4.1351 3.8371 4.3913 0.4339
4 2 2019/07/22 09:47:57.00 30 HD019107 8.6760 107.1490 1.4308 -2.6583 1.1797 -2.5083 0.2925
4 2 2019/07/22 09:49:57.00 30 HD018322 9.6090 109.7800 -2.9854 -1.0662 -3.4441 -0.8870 0.4924
4 2 2019/07/22 09:49:57.00 30 HD018331 13.0300 105.8220 3.6152 4.7645 3.3372 4.8972 0.3080
4 2 2019/07/22 09:51:57.00 30 HD018322 9.9710 110.1200 -3.5525 -0.4465 -3.9331 -0.1475 0.4840
4 2 2019/07/22 09:51:57.00 30 HD018331 13.4020 106.1640 3.0427 5.3937 2.6512 5.6559 0.4712
4 2 2019/07/22 09:53:57.00 30 HD018322 10.3320 110.4610 -4.1206 0.1729 -4.5927 0.4586 0.5518
4 2 2019/07/22 09:53:57.00 30 HD018331 13.7730 106.5080 2.4697 6.0230 2.1484 6.2173 0.3755
4 2 2019/07/22 09:55:57.00 30 HD018322 10.6930 110.8040 -4.6899 0.7921 -5.1002 1.0753 0.4985
4 2 2019/07/22 09:55:57.00 30 HD020320 7.2260 107.4840 0.8712 -5.1302 0.2804 -4.4874 0.8731
4 2 2019/07/22 09:55:57.00 30 HD019994 12.7820 102.1710 9.7085 4.4359 9.5559 4.4341 0.1526
4 2 2019/07/22 09:55:57.00 30 HD018331 14.1430 106.8530 1.8960 6.6525 1.5021 6.7669 0.4103
4 2 2019/07/22 09:55:57.00 30 HD018953 10.3730 108.8270 -1.3839 0.2275 -1.0860 0.1618 0.3050
4 2 2019/07/22 09:59:57.00 30 HD018322 11.4130 111.4940 -5.8321 2.0303 -6.2297 2.3814 0.5305
4 2 2019/07/22 09:59:57.00 30 HD020320 7.9570 108.1510 -0.2540 -3.8849 -0.6381 -3.7549 0.4055
4 2 2019/07/22 09:59:57.00 30 HD019994 13.5370 102.8450 8.5587 5.7032 8.2186 5.6898 0.3404
4 2 2019/07/22 09:59:57.00 30 HD018543 15.1190 106.4740 2.5152 8.3266 2.1111 8.4326 0.4179
4 2 2019/07/22 09:59:57.00 30 HD018953 11.1010 109.5100 -2.5212 1.4715 -2.5282 1.4386 0.0336
4 2 2019/07/22 10:03:57.00 30 HD022049 5.1570 106.4830 2.5801 -8.6649 2.4344 -8.4058 0.2973
4 2 2019/07/22 10:03:57.00 30 HD018322 12.1300 112.1890 -6.9798 3.2685 -7.4132 3.6702 0.5909
4 2 2019/07/22 10:03:57.00 30 HD020320 8.6860 108.8210 -1.3815 -2.6418 -1.7020 -2.4137 0.3934
4 2 2019/07/22 10:03:57.00 30 HD019994 14.2900 103.5240 7.4092 6.9700 7.1507 7.4147 0.5144
4 2 2019/07/22 10:03:57.00 30 HD018543 15.8600 107.1710 1.3628 9.5906 1.7082 9.6730 0.3551
4 2 2019/07/22 10:07:57.00 30 HD022049 5.8860 107.1390 1.4603 -7.4174 1.1720 -7.2996 0.3114
4 2 2019/07/22 10:07:57.00 30 HD018322 12.8430 112.8890 -8.1338 4.5075 -8.5063 4.7964 0.4714
4 2 2019/07/22 10:07:57.00 30 HD021790 9.1650 104.1930 6.4021 -1.7940 6.1976 -1.5716 0.3021
4 2 2019/07/22 10:07:57.00 30 HD020320 9.4130 109.4970 -2.5119 -1.4006 -2.9901 -1.0483 0.5939
4 2 2019/07/22 10:07:57.00 30 HD019994 15.0400 104.2080 6.2591 8.2370 5.9992 8.3009 0.2677
4 2 2019/07/22 10:07:57.00 30 HD018953 12.5510 110.8920 -4.8087 3.9583 -4.5226 4.0562 0.3024
4 2 2019/07/22 10:09:57.00 30 HD023249 4.1770 106.0120 3.3917 -10.3453 2.8734 -10.1269 0.5625
4 2 2019/07/22 10:09:57.00 30 HD022049 6.2510 107.4690 0.9000 -6.7943 0.4940 -6.6249 0.4399
4 2 2019/07/22 10:09:57.00 30 HD018322 13.1990 113.2420 -8.7134 5.1274 -9.0395 5.5383 0.5246
4 2 2019/07/22 10:09:57.00 30 HD021790 9.5380 104.5260 5.8334 -1.1640 5.5771 -0.9213 0.3530
4 2 2019/07/22 10:09:57.00 30 HD020320 9.7760 109.8360 -3.0784 -0.7805 -3.5198 -0.5452 0.5002
4 2 2019/07/22 10:11:57.00 30 HD023249 4.5410 106.3380 2.8327 -9.7218 2.3037 -9.4051 0.6166
4 2 2019/07/22 10:11:57.00 30 HD022049 6.6160 107.8000 0.3394 -6.1718 0.0494 -5.9225 0.3824
4 2 2019/07/22 10:11:57.00 30 HD018322 13.5530 113.5960 -9.2948 5.7478 -9.7534 5.8927 0.4810
4 2 2019/07/22 10:11:57.00 30 HD022484 12.2860 99.5960 14.0694 3.7008 13.4875 3.8578 0.6027
4 2 2019/07/22 10:11:57.00 30 HD021790 9.9110 104.8600 5.2648 -0.5346 4.8822 -0.4838 0.3860
4 2 2019/07/22 10:11:57.00 30 HD020320 10.1380 110.1770 -3.6459 -0.1608 -4.2932 0.1094 0.7015
4 2 2019/07/22 10:13:57.00 30 HD023249 4.9040 106.6640 2.2737 -9.0983 1.9869 -8.9468 0.3244
4 2 2019/07/22 10:13:57.00 30 HD022049 6.9800 108.1310 -0.2217 -5.5499 -0.5861 -5.2474 0.4737
4 2 2019/07/22 10:13:57.00 30 HD018322 13.9070 113.9510 -9.8781 6.3686 -10.1845 6.6743 0.4328
4 2 2019/07/22 10:13:57.00 30 HD022484 12.6670 99.9280 13.4899 4.3380 12.9483 4.4417 0.5514
4 2 2019/07/22 10:13:57.00 30 HD021790 10.2830 105.1960 4.6960 0.0943 4.4352 0.3321 0.3530
4 2 2019/07/22 10:13:57.00 30 HD020320 10.5000 110.5190 -4.2144 0.4587 -4.6774 0.7337 0.5385
4 2 2019/07/22 10:13:57.00 30 HD024555 7.2160 99.6750 14.1611 -5.0180 13.5816 -4.3409 0.8913
4 2 2019/07/22 10:15:57.00 30 HD023249 5.2680 106.9910 1.7146 -8.4751 1.3092 -8.3128 0.4366
4 2 2019/07/22 10:15:57.00 30 HD022049 7.3440 108.4640 -0.7832 -4.9286 -1.2572 -4.6967 0.5276
4 2 2019/07/22 10:15:57.00 30 HD018322 14.2600 114.3090 -10.4634 6.9901 -10.7889 7.2851 0.4393
4 2 2019/07/22 10:15:57.00 30 HD022484 13.0470 100.2610 12.9111 4.9748 12.4593 5.1679 0.4913
4 2 2019/07/22 10:15:57.00 30 HD021790 10.6550 105.5320 4.1271 0.7226 3.8975 1.0007 0.3607
4 2 2019/07/22 10:15:57.00 30 HD020320 10.8610 110.8620 -4.7841 1.0780 -5.2108 1.3198 0.4904
4 2 2019/07/22 10:17:58.00 30 HD023249 5.6350 107.3220 1.1505 -7.8471 0.7982 -7.5879 0.4374
4 2 2019/07/22 10:17:58.00 30 HD022049 7.7110 108.8000 -1.3500 -4.3026 -1.7493 -4.0947 0.4501
4 2 2019/07/22 10:17:58.00 30 HD018322 14.6150 114.6700 -11.0557 7.6174 -11.4374 7.8899 0.4690
4 2 2019/07/22 10:17:58.00 30 HD022484 13.4300 100.5980 12.3280 5.6164 11.8705 5.7424 0.4745
4 2 2019/07/22 10:17:58.00 30 HD021790 11.0300 105.8730 3.5532 1.3557 3.1883 1.6746 0.4846
4 2 2019/07/22 10:17:58.00 30 HD020320 11.2240 111.2090 -5.3598 1.7024 -5.6827 1.9653 0.4164
4 2 2019/07/22 10:17:58.00 30 HD024555 7.9750 100.3310 13.0012 -3.7327 12.4193 -3.5170 0.6206
4 2 2019/07/22 10:19:58.00 30 HD023249 6.0000 107.6520 0.5909 -7.2247 0.2788 -7.0172 0.3748
4 2 2019/07/22 10:19:58.00 30 HD022049 8.0740 109.1350 -1.9128 -3.6823 -2.3045 -3.3991 0.4834
4 2 2019/07/22 10:19:58.00 30 HD018322 14.9660 115.0310 -11.6453 8.2403 -11.9902 8.5282 0.4492
4 2 2019/07/22 10:19:58.00 30 HD022484 13.8100 100.9330 11.7501 6.2525 11.2590 6.4594 0.5330
4 2 2019/07/22 10:19:58.00 30 HD021790 11.4010 106.2110 2.9837 1.9832 2.6948 2.2770 0.4120
4 2 2019/07/22 10:19:58.00 30 HD020320 11.5830 111.5550 -5.9320 2.3216 -6.1728 2.6104 0.3759
4 2 2019/07/22 10:19:58.00 30 HD024555 8.3530 100.6590 12.4249 -3.0942 11.8701 -2.8014 0.6274
4 2 2019/07/22 10:21:58.00 30 HD023249 6.3630 107.9820 0.0309 -6.6028 -0.4138 -6.3415 0.5158
4 2 2019/07/22 10:21:58.00 30 HD022049 8.4370 109.4710 -2.4764 -3.0625 -2.9330 -2.8583 0.5002
4 2 2019/07/22 10:21:58.00 30 HD018322 15.3160 115.3930 -12.2373 8.8641 -12.5507 9.0595 0.3694
4 2 2019/07/22 10:21:58.00 30 HD022484 14.1890 101.2690 11.1727 6.8883 10.8250 7.0665 0.3907
4 2 2019/07/22 10:21:58.00 30 HD021790 11.7710 106.5510 2.4137 2.6104 2.0433 2.9809 0.5239
4 2 2019/07/22 10:21:58.00 30 HD020320 11.9420 111.9030 -6.5057 2.9409 -6.9316 3.2227 0.5107
4 2 2019/07/22 10:21:58.00 30 HD024555 8.7310 100.9870 11.8495 -2.4568 11.3782 -2.4348 0.4718
4 2 2019/07/22 10:25:58.00 30 HD023249 7.0910 108.6450 -1.0905 -5.3607 -1.4078 -5.2605 0.3327
4 2 2019/07/22 10:25:58.00 30 HD022049 9.1610 110.1460 -3.6061 -1.8243 -4.0781 -1.5805 0.5313
4 2 2019/07/22 10:25:58.00 30 HD022484 14.9470 101.9440 10.0186 8.1598 9.6414 8.2468 0.3871
4 2 2019/07/22 10:25:58.00 30 HD021790 12.5100 107.2340 1.2722 3.8643 0.7897 4.1987 0.5871
4 2 2019/07/22 10:25:58.00 30 HD020320 12.6570 112.6010 -7.6576 4.1799 -8.0421 4.4209 0.4537
4 2 2019/07/22 10:25:58.00 30 HD024555 9.4860 101.6460 10.7007 -1.1847 10.3171 -1.1255 0.3882
