4 7 2019/08/11 03:55:54.00 30 HD158926 13.6240 181.3630 11.0346 5.9123 10.4224 6.0375 0.6248
4 7 2019/08/11 03:55:54.00 30 HD159532 7.7810 180.5280 12.6720 -4.0729 12.0915 -3.8419 0.6248
4 7 2019/08/11 03:55:54.00 30 HD151680 15.5140 190.7210 -4.4817 9.0228 -5.0000 9.0816 0.5216
4 7 2019/08/11 03:55:54.00 30 HD160578 11.7240 179.5530 14.1685 2.7364 13.2943 2.7589 0.8745
4 7 2019/08/11 03:55:54.00 30 HD158408 13.4150 181.9400 10.0762 5.5298 9.4890 5.7105 0.6143
4 7 2019/08/11 03:55:54.00 30 HD151890 11.8900 189.7040 -2.8372 2.8162 -3.2774 3.0554 0.5010
4 7 2019/08/11 03:57:55.00 30 HD158926 13.6130 181.7780 10.3404 5.8756 9.7783 5.9657 0.5693
4 7 2019/08/11 03:57:55.00 30 HD159532 7.7760 180.9010 12.0332 -4.0922 11.3588 -3.8535 0.7154
4 7 2019/08/11 03:57:55.00 30 HD151680 15.4400 191.1480 -5.1861 8.9054 -5.6981 8.9791 0.5173
4 7 2019/08/11 03:57:55.00 30 HD160578 11.7250 179.9540 13.4873 2.7194 12.8785 2.8871 0.6315
4 7 2019/08/11 03:57:55.00 30 HD158408 13.4010 182.3530 9.3856 5.4884 8.8784 5.6650 0.5370
4 7 2019/08/11 03:57:55.00 30 HD151890 11.8230 190.1040 -3.5057 2.7067 -3.9625 2.7873 0.4639
4 7 2019/08/11 03:59:56.00 30 HD158926 13.6000 182.1920 9.6474 5.8353 8.2343 5.7041 1.4192
4 7 2019/08/11 03:59:56.00 30 HD159532 7.7680 181.2740 11.3955 -4.1152 10.7889 -3.8718 0.6537
4 7 2019/08/11 03:59:56.00 30 HD151680 15.3630 191.5730 -5.8902 8.7845 -6.3563 8.8631 0.4727
4 7 2019/08/11 03:59:56.00 30 HD160578 11.7240 180.3540 12.8075 2.6987 12.0791 2.8181 0.7380
4 7 2019/08/11 03:59:56.00 30 HD158408 13.3830 182.7650 8.6962 5.4435 9.0599 6.0122 0.6750
4 7 2019/08/11 03:59:56.00 30 HD151890 11.7540 190.5040 -4.1739 2.5936 -4.6207 2.7786 0.4836
4 7 2019/08/11 04:01:58.00 30 HD158926 13.5830 182.6100 8.9500 5.7911 8.3468 5.9644 0.6276
4 7 2019/08/11 04:01:58.00 30 HD159532 7.7590 181.6500 10.7537 -4.1422 10.2535 -3.8743 0.5674
4 7 2019/08/11 04:01:58.00 30 HD151680 15.2830 192.0010 -6.6000 8.6589 -7.0365 8.7222 0.4411
4 7 2019/08/11 04:01:58.00 30 HD160578 11.7200 180.7590 12.1234 2.6742 11.4981 2.8653 0.6538
4 7 2019/08/11 04:01:58.00 30 HD158408 13.3630 183.1820 8.0023 5.3945 7.3983 5.4529 0.6068
4 7 2019/08/11 04:01:58.00 30 HD151890 11.6810 190.9070 -4.8473 2.4758 -5.2340 2.6389 0.4197
4 7 2019/08/11 04:03:59.00 30 HD158926 13.5640 183.0240 8.2594 5.7436 6.8071 5.4864 1.4750
4 7 2019/08/11 04:03:59.00 30 HD159532 7.7460 182.0220 10.1182 -4.1727 9.5949 -3.9306 0.5766
4 7 2019/08/11 04:03:59.00 30 HD151680 15.2000 192.4250 -7.3038 8.5308 -7.7080 8.5780 0.4070
4 7 2019/08/11 04:03:59.00 30 HD160578 11.7140 181.1600 11.4462 2.6461 10.7993 2.6959 0.6489
4 7 2019/08/11 04:03:59.00 30 HD158408 13.3400 183.5940 7.3151 5.3423 7.7007 5.8893 0.6693
4 7 2019/08/11 04:03:59.00 30 HD151890 11.6060 191.3060 -5.5150 2.3554 -5.8794 2.5802 0.4282
4 7 2019/08/11 04:06:0.00 30 HD158926 13.5420 183.4380 7.5700 5.6925 7.0005 5.8272 0.5852
4 7 2019/08/11 04:06:0.00 30 HD159532 7.7310 182.3950 9.4838 -4.2068 8.9214 -4.0454 0.5851
4 7 2019/08/11 04:06:0.00 30 HD151680 15.1150 192.8490 -8.0075 8.3991 -8.3708 8.4376 0.3653
4 7 2019/08/11 04:06:0.00 30 HD160578 11.7050 181.5600 10.7703 2.6144 10.1533 2.8188 0.6500
4 7 2019/08/11 04:06:0.00 30 HD158408 13.3140 184.0060 6.6290 5.2865 6.0410 5.4500 0.6103
4 7 2019/08/11 04:06:0.00 30 HD151890 11.5280 191.7040 -6.1824 2.2312 -6.6614 2.4186 0.5143
4 7 2019/08/11 04:08:1.00 30 HD158926 13.5170 183.8520 6.8815 5.6379 6.2760 5.8182 0.6319
4 7 2019/08/11 04:08:1.00 30 HD159532 7.7140 182.7680 8.8504 -4.2447 8.2753 -4.0128 0.6202
4 7 2019/08/11 04:08:1.00 30 HD151680 15.0270 193.2710 -8.7112 8.2637 -9.0853 8.3086 0.3768
4 7 2019/08/11 04:08:1.00 30 HD160578 11.6930 181.9610 10.0956 2.5791 9.5182 2.6658 0.5839
4 7 2019/08/11 04:08:1.00 30 HD158408 13.2860 184.4180 5.9439 5.2272 5.4064 5.3247 0.5462
4 7 2019/08/11 04:08:1.00 30 HD151890 11.4480 192.1020 -6.8498 2.1033 -7.2801 2.1593 0.4340
4 7 2019/08/11 04:08:1.00 30 HD161471 10.6290 180.9300 11.8757 0.7974 11.2774 0.9227 0.6113
4 7 2019/08/11 04:10:3.00 30 HD158926 13.4890 184.2690 6.1885 5.5791 5.6559 5.7703 0.5658
4 7 2019/08/11 04:10:3.00 30 HD159532 7.6940 183.1430 8.2128 -4.2867 7.7091 -4.0723 0.5474
4 7 2019/08/11 04:10:3.00 30 HD151680 14.9350 193.6960 -9.4208 8.1236 -9.9164 8.2428 0.5098
4 7 2019/08/11 04:10:3.00 30 HD160578 11.6780 182.3650 9.4165 2.5398 8.8714 2.7539 0.5856
4 7 2019/08/11 04:10:3.00 30 HD158408 13.2540 184.8330 5.2540 5.1637 4.6778 5.2859 0.5890
4 7 2019/08/11 04:10:3.00 30 HD151890 11.3640 192.5020 -7.5225 1.9707 -7.9124 2.0832 0.4059
4 7 2019/08/11 04:10:3.00 30 HD161471 10.6220 181.3260 11.2043 0.7693 10.4842 0.8990 0.7317
4 7 2019/08/11 04:12:4.00 30 HD158926 13.4590 184.6820 5.5020 5.5173 4.9580 5.7092 0.5769
4 7 2019/08/11 04:12:4.00 30 HD159532 7.6710 183.5150 7.5813 -4.3320 7.0361 -4.1203 0.5848
4 7 2019/08/11 04:12:4.00 30 HD151680 14.8410 194.1170 -10.1245 7.9810 -10.5080 8.0482 0.3894
4 7 2019/08/11 04:12:4.00 30 HD160578 11.6600 182.7660 8.7441 2.4971 8.1744 2.6515 0.5903
4 7 2019/08/11 04:12:4.00 30 HD158408 13.2200 185.2450 4.5707 5.0972 3.9667 5.1869 0.6106
4 7 2019/08/11 04:12:4.00 30 HD151890 11.2790 192.8980 -8.1896 1.8354 -8.5168 2.0620 0.3980
4 7 2019/08/11 04:12:4.00 30 HD161471 10.6110 181.7190 10.5397 0.7378 9.9219 0.8543 0.6286
4 7 2019/08/11 04:12:4.00 30 HD161892 13.6920 181.3560 11.0438 6.0302 10.4150 6.1190 0.6351
4 7 2019/08/11 04:14:5.00 30 HD158926 13.4260 185.0950 4.8166 5.4519 4.3102 5.6102 0.5305
4 7 2019/08/11 04:14:5.00 30 HD159532 7.6460 183.8870 6.9507 -4.3810 6.4445 -4.1523 0.5554
4 7 2019/08/11 04:14:5.00 30 HD151680 14.7450 194.5370 -10.8285 7.8347 -11.1801 7.8267 0.3517
4 7 2019/08/11 04:14:5.00 30 HD160578 11.6400 183.1660 8.0728 2.4508 7.5015 2.7518 0.6458
4 7 2019/08/11 04:14:5.00 30 HD158408 13.1830 185.6560 3.8883 5.0270 3.3884 5.1801 0.5228
4 7 2019/08/11 04:14:5.00 30 HD151890 11.1910 193.2940 -8.8566 1.6963 -9.2291 1.8925 0.4210
4 7 2019/08/11 04:14:5.00 30 HD161471 10.5980 182.1120 9.8762 0.7026 9.3008 0.8998 0.6082
4 7 2019/08/11 04:14:5.00 30 HD161892 13.6820 181.7710 10.3489 5.9935 9.6833 6.3791 0.7693
4 7 2019/08/11 04:16:6.00 30 HD158926 13.3900 185.5080 4.1319 5.3829 2.7149 5.0918 1.4466
4 7 2019/08/11 04:16:6.00 30 HD159532 7.6190 184.2590 6.3210 -4.4337 5.8519 -4.1087 0.5707
4 7 2019/08/11 04:16:6.00 30 HD151680 14.6450 194.9560 -11.5325 7.6847 -11.9882 7.6821 0.4557
4 7 2019/08/11 04:16:6.00 30 HD160578 11.6170 183.5660 7.4025 2.4008 6.9073 2.6114 0.5381
4 7 2019/08/11 04:16:6.00 30 HD158408 13.1430 186.0670 3.2066 4.9533 3.6390 5.5108 0.7055
4 7 2019/08/11 04:16:6.00 30 HD151890 11.1000 193.6880 -9.5237 1.5535 -9.9658 1.5867 0.4433
4 7 2019/08/11 04:16:6.00 30 HD161471 10.5830 182.5050 9.2138 0.6638 8.6873 0.8331 0.5530
4 7 2019/08/11 04:16:6.00 30 HD161892 13.6680 182.1860 9.6553 5.9531 8.9733 6.0230 0.6856
4 7 2019/08/11 04:18:7.00 30 HD158926 13.3510 185.9200 3.4481 5.3104 2.9650 5.4745 0.5102
4 7 2019/08/11 04:18:7.00 30 HD159532 7.5890 184.6310 5.6921 -4.4901 5.1252 -4.2519 0.6149
4 7 2019/08/11 04:18:7.00 30 HD151680 14.5430 195.3740 -12.2368 7.5311 -12.4974 7.3851 0.2987
4 7 2019/08/11 04:18:7.00 30 HD160578 11.5920 183.9660 6.7332 2.3473 6.2216 2.5512 0.5507
4 7 2019/08/11 04:18:7.00 30 HD158408 13.1000 186.4770 2.5258 4.8761 1.9209 5.0805 0.6385
4 7 2019/08/11 04:18:7.00 30 HD151890 11.0060 194.0820 -10.1909 1.4070 -10.5337 1.5181 0.3604
4 7 2019/08/11 04:18:7.00 30 HD161471 10.5640 182.8970 8.5525 0.6213 8.0292 0.6495 0.5240
4 7 2019/08/11 04:18:7.00 30 HD161892 13.6520 182.6010 8.9629 5.9092 8.4209 5.9627 0.5446
4 7 2019/08/11 04:20:8.00 30 HD158926 13.3090 186.3320 2.7651 5.2343 1.3018 4.9521 1.4903
4 7 2019/08/11 04:20:8.00 30 HD159532 7.5560 185.0020 5.0640 -4.5502 4.5388 -4.4171 0.5418
4 7 2019/08/11 04:20:8.00 30 HD151680 14.4390 195.7920 -12.9414 7.3737 -13.1455 7.4424 0.2154
4 7 2019/08/11 04:20:8.00 30 HD160578 11.5640 184.3660 6.0648 2.2901 5.6567 2.4508 0.4386
4 7 2019/08/11 04:20:8.00 30 HD158408 13.0550 186.8870 1.8457 4.7952 2.2927 5.4110 0.7609
4 7 2019/08/11 04:20:8.00 30 HD151890 10.9110 194.4750 -10.8581 1.2567 -11.2081 1.3488 0.3619
4 7 2019/08/11 04:20:8.00 30 HD161471 10.5430 183.2900 7.8922 0.5751 7.4416 0.6648 0.4595
4 7 2019/08/11 04:20:8.00 30 HD161892 13.6330 183.0160 8.2716 5.8617 7.7885 6.0202 0.5085
4 7 2019/08/11 04:22:9.00 30 HD158926 13.2650 186.7440 2.0828 5.1546 1.5947 5.3238 0.5167
4 7 2019/08/11 04:22:9.00 30 HD159532 7.5210 185.3730 4.4367 -4.6140 3.9480 -4.4254 0.5238
4 7 2019/08/11 04:22:9.00 30 HD160578 11.5330 184.7650 5.3974 2.2293 4.9174 2.4175 0.5156
4 7 2019/08/11 04:22:9.00 30 HD158408 13.0070 187.2970 1.1662 4.7108 0.6840 4.8796 0.5109
4 7 2019/08/11 04:22:9.00 30 HD151890 10.8120 194.8680 -11.5255 1.1026 -11.9163 1.4206 0.5039
4 7 2019/08/11 04:22:9.00 30 HD161471 10.5200 183.6820 7.2329 0.5253 6.6858 0.6720 0.5665
4 7 2019/08/11 04:22:9.00 30 HD161892 13.6110 183.4300 7.5814 5.8106 7.0473 5.9448 0.5507
4 7 2019/08/11 04:24:11.00 30 HD158926 13.2170 187.1580 1.3956 5.0706 0.9199 5.2368 0.5039
4 7 2019/08/11 04:24:11.00 30 HD159532 7.4830 185.7470 3.8049 -4.6820 3.3642 -4.4715 0.4884
4 7 2019/08/11 04:24:11.00 30 HD160578 11.4990 185.1670 4.7253 2.1643 4.2173 2.3028 0.5266
4 7 2019/08/11 04:24:11.00 30 HD158408 12.9560 187.7100 0.4817 4.6220 -0.1669 4.7621 0.6636
4 7 2019/08/11 04:24:11.00 30 HD151890 10.7100 195.2630 -12.1985 0.9434 -12.5571 0.9792 0.3604
4 7 2019/08/11 04:24:11.00 30 HD161471 10.4930 184.0770 6.5692 0.4714 6.0278 0.6497 0.5700
4 7 2019/08/11 04:24:11.00 30 HD161892 13.5860 183.8480 6.8866 5.7555 6.2967 5.8028 0.5918
4 7 2019/08/11 04:26:12.00 30 HD158926 13.1680 187.5690 0.7147 4.9837 0.2612 5.1222 0.4741
4 7 2019/08/11 04:26:12.00 30 HD159532 7.4430 186.1180 3.1790 -4.7531 2.6898 -4.4805 0.5601
4 7 2019/08/11 04:26:12.00 30 HD160578 11.4620 185.5660 4.0596 2.0962 3.5663 2.3000 0.5338
4 7 2019/08/11 04:26:12.00 30 HD158408 12.9020 188.1180 -0.1965 4.5303 -0.6762 4.6234 0.4886
4 7 2019/08/11 04:26:12.00 30 HD151890 10.6060 195.6530 -12.8663 0.7816 -13.3254 0.7408 0.4609
4 7 2019/08/11 04:26:12.00 30 HD161471 10.4640 184.4690 5.9118 0.4142 5.3955 0.5227 0.5275
4 7 2019/08/11 04:26:12.00 30 HD161892 13.5580 184.2620 6.1986 5.6972 5.5844 5.6612 0.6152
4 7 2019/08/11 04:28:13.00 30 HD158926 13.1150 187.9790 0.0344 4.8932 -0.3852 5.0214 0.4387
4 7 2019/08/11 04:28:13.00 30 HD159532 7.4010 186.4880 2.5538 -4.8280 2.0311 -4.6215 0.5620
4 7 2019/08/11 04:28:13.00 30 HD160578 11.4230 185.9650 3.3947 2.0245 2.9238 2.2835 0.5374
4 7 2019/08/11 04:28:13.00 30 HD158408 12.8460 188.5270 -0.8742 4.4351 -1.4162 4.6541 0.5846
4 7 2019/08/11 04:28:13.00 30 HD161471 10.4320 184.8610 5.2553 0.3534 4.7362 0.5556 0.5570
4 7 2019/08/11 04:28:13.00 30 HD161892 13.5280 184.6760 5.5115 5.6354 5.0424 5.9092 0.5431
4 7 2019/08/11 04:30:15.00 30 HD158926 13.0590 188.3920 -0.6510 4.7983 -2.0614 4.5400 1.4339
4 7 2019/08/11 04:30:15.00 30 HD159532 7.3560 186.8610 1.9241 -4.9072 1.4264 -4.7090 0.5357
4 7 2019/08/11 04:30:15.00 30 HD160578 11.3810 186.3660 2.7250 1.9485 2.3054 2.0507 0.4318
4 7 2019/08/11 04:30:15.00 30 HD158408 12.7860 188.9380 -1.5570 4.3354 -1.1482 4.9692 0.7542
4 7 2019/08/11 04:30:15.00 30 HD161471 10.3980 185.2560 4.5941 0.2884 4.1050 0.3874 0.4990
4 7 2019/08/11 04:30:15.00 30 HD161892 13.4950 185.0930 4.8196 5.5694 4.4089 5.6603 0.4206
4 7 2019/08/11 04:32:17.00 30 HD158926 13.0000 188.8050 -1.3359 4.6998 -1.7819 4.8305 0.4648
4 7 2019/08/11 04:32:17.00 30 HD159532 7.3080 187.2330 1.2949 -4.9901 0.8486 -4.8614 0.4645
4 7 2019/08/11 04:32:17.00 30 HD160578 11.3360 186.7670 2.0560 1.8688 1.5811 2.0160 0.4972
4 7 2019/08/11 04:32:17.00 30 HD158408 12.7230 189.3480 -2.2393 4.2320 -2.7756 4.4100 0.5650
4 7 2019/08/11 04:32:17.00 30 HD161471 10.3610 185.6500 3.9339 0.2197 3.4846 0.3521 0.4684
4 7 2019/08/11 04:32:17.00 30 HD161892 13.4580 185.5090 4.1286 5.4998 3.6969 5.6256 0.4496
4 7 2019/08/11 04:34:18.00 30 HD158926 12.9390 189.2140 -2.0146 4.5985 -3.4470 4.2953 1.4641
4 7 2019/08/11 04:34:18.00 30 HD159532 7.2580 187.6020 0.6715 -5.0761 0.1497 -4.9227 0.5439
4 7 2019/08/11 04:34:18.00 30 HD160578 11.2890 187.1650 1.3932 1.7862 0.9479 1.9280 0.4674
4 7 2019/08/11 04:34:18.00 30 HD158408 12.6590 189.7550 -2.9156 4.1259 -2.4649 4.7210 0.7465
4 7 2019/08/11 04:34:18.00 30 HD161892 13.4190 185.9220 3.4442 5.4272 2.9820 5.5371 0.4750
4 7 2019/08/11 04:36:20.00 30 HD158926 12.8750 189.6260 -2.6986 4.4927 -3.1759 4.5752 0.4844
4 7 2019/08/11 04:36:20.00 30 HD159532 7.2050 187.9740 0.0435 -5.1665 -0.4169 -4.9317 0.5168
4 7 2019/08/11 04:36:20.00 30 HD160578 11.2390 187.5650 0.7255 1.6992 0.2636 1.8918 0.5004
4 7 2019/08/11 04:36:20.00 30 HD158408 12.5910 190.1640 -3.5972 4.0152 -4.1429 4.0864 0.5504
4 7 2019/08/11 04:36:20.00 30 HD161471 10.2780 186.4340 2.6209 0.0718 2.0460 0.1211 0.5770
4 7 2019/08/11 04:36:20.00 30 HD161892 13.3770 186.3380 2.7548 5.3504 2.2149 5.5550 0.5774
4 7 2019/08/11 04:38:22.00 30 HD158926 12.8080 190.0370 -3.3821 4.3832 -3.8032 4.5765 0.4633
4 7 2019/08/11 04:38:22.00 30 HD169022 16.3730 179.7200 13.6768 10.7501 12.9850 10.8856 0.7049
4 7 2019/08/11 04:38:22.00 30 HD159532 7.1500 188.3460 -0.5840 -5.2607 -0.9936 -5.1107 0.4361
4 7 2019/08/11 04:38:22.00 30 HD160578 11.1860 187.9650 0.0584 1.6084 -0.5559 1.8280 0.6524
4 7 2019/08/11 04:38:22.00 30 HD158408 12.5200 190.5730 -4.2784 3.9008 -4.8294 4.0894 0.5824
4 7 2019/08/11 04:38:22.00 30 HD161471 10.2330 186.8270 1.9628 -0.0080 1.3980 0.2073 0.6044
4 7 2019/08/11 04:38:22.00 30 HD161892 13.3330 186.7530 2.0663 5.2699 1.5154 5.3982 0.5656
4 7 2019/08/11 04:40:23.00 30 HD158926 12.7390 190.4440 -4.0598 4.2710 -4.5346 4.4347 0.5023
4 7 2019/08/11 04:40:23.00 30 HD169022 16.3730 180.1550 12.9500 10.7219 12.2443 10.7956 0.7095
4 7 2019/08/11 04:40:23.00 30 HD159532 7.0920 188.7130 -1.2059 -5.3578 -1.6139 -5.1449 0.4602
4 7 2019/08/11 04:40:23.00 30 HD160578 11.1300 188.3610 -0.6027 1.5148 -1.0567 1.7976 0.5349
4 7 2019/08/11 04:40:23.00 30 HD158408 12.4470 190.9780 -4.9538 3.7837 -5.4369 3.9475 0.5101
4 7 2019/08/11 04:40:23.00 30 HD161471 10.1860 187.2170 1.3108 -0.0908 0.5655 -0.0015 0.7505
4 7 2019/08/11 04:40:23.00 30 HD167618 13.9820 181.4940 10.8037 6.5215 10.1721 6.5975 0.6361
4 7 2019/08/11 04:40:23.00 30 HD161892 13.2850 187.1650 1.3840 5.1865 0.9635 5.3659 0.4572
4 7 2019/08/11 04:42:25.00 30 HD158926 12.6660 190.8530 -4.7427 4.1541 -5.1020 4.2933 0.3854
4 7 2019/08/11 04:42:25.00 30 HD169022 16.3700 180.5930 12.2188 10.6900 11.5164 10.7760 0.7076
4 7 2019/08/11 04:42:25.00 30 HD159532 7.0320 189.0840 -1.8325 -5.4594 -2.2723 -5.3280 0.4590
4 7 2019/08/11 04:42:25.00 30 HD160578 11.0720 188.7600 -1.2687 1.4167 -1.7145 1.5482 0.4648
4 7 2019/08/11 04:42:25.00 30 HD158408 12.3710 191.3860 -5.6345 3.6619 -5.9849 3.7140 0.3543
4 7 2019/08/11 04:42:25.00 30 HD161471 10.1350 187.6090 0.6539 -0.1780 0.2138 -0.0198 0.4676
4 7 2019/08/11 04:42:25.00 30 HD167618 13.9700 181.9140 10.1006 6.4827 9.5805 6.6859 0.5584
4 7 2019/08/11 04:42:25.00 30 HD161892 13.2350 187.5800 0.6968 5.0988 0.2525 5.1556 0.4480
4 7 2019/08/11 04:44:26.00 30 HD158926 12.5910 191.2590 -5.4197 4.0346 -5.7981 4.1633 0.3996
4 7 2019/08/11 04:44:26.00 30 HD169022 16.3650 181.0280 11.4950 10.6547 10.8713 10.7294 0.6282
4 7 2019/08/11 04:44:26.00 30 HD159532 6.9700 189.4510 -2.4536 -5.5639 -2.9283 -5.4294 0.4934
4 7 2019/08/11 04:44:26.00 30 HD160578 11.0110 189.1550 -1.9288 1.3158 -2.4278 1.4860 0.5272
4 7 2019/08/11 04:44:26.00 30 HD158408 12.2930 191.7890 -6.3094 3.5375 -6.8650 3.6612 0.5692
4 7 2019/08/11 04:44:26.00 30 HD167618 13.9560 182.3310 9.4045 6.4407 8.7862 6.4888 0.6201
4 7 2019/08/11 04:44:26.00 30 HD161892 13.1820 187.9900 0.0158 5.0082 -0.5162 5.1453 0.5495
4 7 2019/08/11 04:46:28.00 30 HD158926 12.5130 191.6680 -6.1022 3.9103 -6.5358 4.0321 0.4504
4 7 2019/08/11 04:46:28.00 30 HD169022 16.3560 181.4660 10.7667 10.6156 10.1247 10.7466 0.6553
4 7 2019/08/11 04:46:28.00 30 HD159532 6.9040 189.8200 -3.0795 -5.6731 -3.5756 -5.5194 0.5194
4 7 2019/08/11 04:46:28.00 30 HD160578 10.9480 189.5530 -2.5940 1.2103 -3.0845 1.3302 0.5050
4 7 2019/08/11 04:46:28.00 30 HD158408 12.2110 192.1960 -6.9897 3.4083 -7.4200 3.4926 0.4385
4 7 2019/08/11 04:46:28.00 30 HD161471 10.0260 188.3900 -0.6528 -0.3627 -1.1834 -0.2646 0.5396
4 7 2019/08/11 04:46:28.00 30 HD167618 13.9380 182.7520 8.7038 6.3947 8.2324 6.5349 0.4919
4 7 2019/08/11 04:46:28.00 30 HD161892 13.1260 188.4040 -0.6702 4.9132 -1.1215 4.9514 0.4530
4 7 2019/08/11 04:48:30.00 30 HD158926 12.4320 192.0760 -6.7845 3.7824 -7.2073 3.8525 0.4286
4 7 2019/08/11 04:48:30.00 30 HD169022 16.3450 181.9040 10.0398 10.5730 9.4787 10.7643 0.5929
4 7 2019/08/11 04:48:30.00 30 HD159532 6.8370 190.1890 -3.7050 -5.7860 -4.1125 -5.6094 0.4441
4 7 2019/08/11 04:48:30.00 30 HD160578 10.8810 189.9500 -3.2587 1.1011 -3.7314 1.3761 0.5468
4 7 2019/08/11 04:48:30.00 30 HD158408 12.1270 192.6010 -7.6700 3.2753 -8.0148 3.3383 0.3505
4 7 2019/08/11 04:48:30.00 30 HD161471 9.9680 188.7810 -1.3080 -0.4610 -1.7366 -0.0240 0.6120
4 7 2019/08/11 04:48:30.00 30 HD167618 13.9180 183.1720 8.0043 6.3451 7.4066 6.4845 0.6138
4 7 2019/08/11 04:48:30.00 30 HD161892 13.0670 188.8170 -1.3557 4.8146 -1.7544 4.9581 0.4237
4 7 2019/08/11 04:50:31.00 30 HD158926 12.3500 192.4790 -7.4610 3.6518 -7.8387 3.7781 0.3982
4 7 2019/08/11 04:50:31.00 30 HD169022 16.3300 182.3390 9.3202 10.5271 8.7627 10.7011 0.5841
4 7 2019/08/11 04:50:31.00 30 HD159532 6.7670 190.5550 -4.3250 -5.9018 -4.7191 -5.7026 0.4415
4 7 2019/08/11 04:50:31.00 30 HD160578 10.8130 190.3440 -3.9177 0.9891 -4.4033 1.1679 0.5175
4 7 2019/08/11 04:50:31.00 30 HD158408 12.0410 193.0030 -8.3446 3.1398 -8.7664 3.2773 0.4437
4 7 2019/08/11 04:50:31.00 30 HD161471 9.9070 189.1680 -1.9575 -0.5623 -2.6756 -0.5515 0.7182
4 7 2019/08/11 04:50:31.00 30 HD167618 13.8950 183.5880 7.3117 6.2923 6.7526 6.4519 0.5815
4 7 2019/08/11 04:50:31.00 30 HD161892 13.0060 189.2270 -2.0351 4.7132 -2.6153 4.8672 0.6002
4 7 2019/08/11 04:52:33.00 30 HD158926 12.2630 192.8860 -8.1431 3.5164 -8.5557 3.6194 0.4252
4 7 2019/08/11 04:52:33.00 30 HD169022 16.3130 182.7770 8.5959 10.4774 8.0335 10.6397 0.5854
4 7 2019/08/11 04:52:33.00 30 HD159532 6.6950 190.9230 -4.9500 -6.0223 -5.3637 -5.8263 0.4579
4 7 2019/08/11 04:52:33.00 30 HD160578 10.7410 190.7400 -4.5818 0.8725 -5.1296 1.0783 0.5851
4 7 2019/08/11 04:52:33.00 30 HD158408 11.9510 193.4070 -9.0247 2.9993 -9.4913 3.0388 0.4682
4 7 2019/08/11 04:52:33.00 30 HD161471 9.8440 189.5580 -2.6119 -0.6680 -3.0165 -0.2993 0.5474
4 7 2019/08/11 04:52:33.00 30 HD167618 13.8690 184.0080 6.6144 6.2354 6.1331 6.4575 0.5301
4 7 2019/08/11 04:52:33.00 30 HD161892 12.9420 189.6390 -2.7197 4.6072 -3.0982 4.6335 0.3794
