4 3 2019/07/22 04:21:9.00 30 HD198001 16.0690 117.0750 11.4270 10.1407 11.0294 10.1157 0.3984
4 3 2019/07/22 04:21:9.00 30 HD200761 7.4840 119.3720 7.8297 -4.6493 7.5343 -4.3107 0.4493
4 3 2019/07/22 04:21:9.00 30 HD194943 13.0350 126.3600 -3.9167 4.7759 -4.1547 5.2836 0.5607
4 3 2019/07/22 04:21:9.00 30 HD196777 11.0420 124.5400 -0.9007 1.3640 -1.2708 1.5905 0.4340
4 3 2019/07/22 04:21:9.00 30 HD196662 13.5140 122.4920 2.4981 5.5810 2.3042 5.9941 0.4563
4 3 2019/07/22 04:21:9.00 30 HD193150 13.4820 128.9870 -8.2799 5.6032 -8.3806 5.6604 0.1158
4 3 2019/07/22 04:23:9.00 30 HD200761 7.8180 119.7150 7.2398 -4.0844 6.8286 -3.6450 0.6018
4 3 2019/07/22 04:23:9.00 30 HD194943 13.3460 126.7310 -4.5295 5.3120 -4.8081 5.7397 0.5104
4 3 2019/07/22 04:23:9.00 30 HD200499 6.2220 121.8270 3.6847 -6.8374 3.2422 -6.5498 0.5278
4 3 2019/07/22 04:23:9.00 30 HD196777 11.3590 124.9010 -1.5019 1.9051 -1.8032 2.4131 0.5906
4 3 2019/07/22 04:23:9.00 30 HD196662 13.8390 122.8600 1.8858 6.1331 1.5332 6.6492 0.6250
4 3 2019/07/22 04:25:9.00 30 HD197692 5.4640 128.9840 -8.4875 -8.1064 -8.2362 -7.8818 0.3370
4 3 2019/07/22 04:25:9.00 30 HD203387 5.6980 117.0100 11.9238 -7.6680 11.3647 -7.4738 0.5918
4 3 2019/07/22 04:25:9.00 30 HD194943 13.6550 127.1050 -5.1445 5.8473 -5.5243 6.2080 0.5238
4 3 2019/07/22 04:25:9.00 30 HD200499 6.5460 122.1670 3.1044 -6.2851 2.6580 -5.7338 0.7093
4 3 2019/07/22 04:25:9.00 30 HD196777 11.6750 125.2630 -2.1050 2.4449 -2.3789 2.8478 0.4872
4 3 2019/07/22 04:25:9.00 30 HD196662 14.1630 123.2300 1.2720 6.6842 1.0822 7.1730 0.5243
4 3 2019/07/22 04:25:9.00 30 HD193150 14.0790 129.7420 -9.5231 6.6559 -9.6770 6.8992 0.2880
4 3 2019/07/22 04:27:9.00 30 HD197692 5.7590 129.3250 -9.0631 -7.5930 -9.3434 -7.2004 0.4824
4 3 2019/07/22 04:27:9.00 30 HD203387 6.0380 117.3450 11.3343 -7.0900 11.2056 -7.5159 0.4449
4 3 2019/07/22 04:27:9.00 30 HD194943 13.9620 127.4800 -5.7617 6.3816 -5.9934 6.9141 0.5807
4 3 2019/07/22 04:27:9.00 30 HD196777 11.9890 125.6280 -2.7098 2.9836 -2.9024 3.4062 0.4645
4 3 2019/07/22 04:27:9.00 30 HD196662 14.4860 123.6020 0.6565 7.2344 0.4628 7.6702 0.4770
4 3 2019/07/22 04:27:9.00 30 HD193150 14.3760 130.1220 -10.1487 7.1812 -10.3456 7.7127 0.5669
4 3 2019/07/22 04:29:9.00 30 HD197692 6.0540 129.6670 -9.6409 -7.0810 -9.7870 -6.4172 0.6797
4 3 2019/07/22 04:29:9.00 30 HD203387 6.3770 117.6820 10.7447 -6.5140 10.1320 -6.4247 0.6192
4 3 2019/07/22 04:29:9.00 30 HD201381 12.3490 115.9280 13.5037 3.7921 12.9259 3.9599 0.6016
4 3 2019/07/22 04:29:9.00 30 HD194943 14.2680 127.8570 -6.3812 6.9153 -6.6107 7.3633 0.5033
4 3 2019/07/22 04:29:9.00 30 HD200499 7.1920 122.8520 1.9406 -5.1855 1.6515 -4.6737 0.5878
4 3 2019/07/22 04:29:9.00 30 HD196662 14.8070 123.9760 0.0394 7.7836 -0.1698 8.3296 0.5847
4 3 2019/07/22 04:29:9.00 30 HD194636 14.1960 128.4090 -7.3006 6.8077 -7.4901 7.3774 0.6004
4 3 2019/07/22 04:31:9.00 30 HD200761 9.1450 121.1010 4.8728 -1.8432 4.7755 -1.5090 0.3481
4 3 2019/07/22 04:31:9.00 30 HD197692 6.3480 130.0120 -10.2208 -6.5703 -10.2820 -6.1399 0.4347
4 3 2019/07/22 04:31:9.00 30 HD203387 6.7150 118.0200 10.1549 -5.9399 9.5999 -5.3992 0.7749
4 3 2019/07/22 04:31:9.00 30 HD201381 12.6960 116.2830 12.8880 4.3703 12.5226 4.4554 0.3752
4 3 2019/07/22 04:31:9.00 30 HD194943 14.5730 128.2350 -7.0032 7.4482 -7.4135 8.1704 0.8306
4 3 2019/07/22 04:31:9.00 30 HD200499 7.5140 123.1960 1.3570 -4.6382 0.8716 -3.9527 0.8400
4 3 2019/07/22 04:31:9.00 30 HD196777 12.6140 126.3620 -3.9251 4.0575 -4.2319 4.5184 0.5537
4 3 2019/07/22 04:31:9.00 30 HD196662 15.1270 124.3520 -0.5795 8.3320 -1.0112 8.8778 0.6959
4 3 2019/07/22 04:31:9.00 30 HD202671 6.6320 119.5680 7.5161 -6.1106 6.9166 -5.5873 0.7958
4 3 2019/07/22 04:33:10.00 30 HD200761 9.4770 121.4540 4.2739 -1.2827 4.2549 -1.0443 0.2391
4 3 2019/07/22 04:33:10.00 30 HD197692 6.6420 130.3600 -10.8078 -6.0566 -11.0250 -5.5777 0.5259
4 3 2019/07/22 04:33:10.00 30 HD203387 7.0560 118.3620 9.5598 -5.3630 9.0121 -4.8685 0.7379
4 3 2019/07/22 04:33:10.00 30 HD201381 13.0450 116.6430 12.2668 4.9517 11.8555 4.9264 0.4121
4 3 2019/07/22 04:33:10.00 30 HD194943 14.8780 128.6190 -7.6328 7.9848 -7.9511 8.5350 0.6356
4 3 2019/07/22 04:33:10.00 30 HD200499 7.8370 123.5450 0.7673 -4.0880 0.4329 -3.7048 0.5086
4 3 2019/07/22 04:33:10.00 30 HD196777 12.9270 126.7350 -4.5409 4.5973 -4.8418 5.0210 0.5197
4 3 2019/07/22 04:33:10.00 30 HD196662 15.4480 124.7320 -1.2055 8.8843 -1.4458 9.2423 0.4312
4 3 2019/07/22 04:33:10.00 30 HD202671 6.9670 119.9110 6.9251 -5.5418 6.4165 -5.2648 0.5791
4 3 2019/07/22 04:37:10.00 30 HD206088 4.8350 115.9200 13.8436 -9.1375 12.9093 -9.0263 0.9409
4 3 2019/07/22 04:37:10.00 30 HD200761 10.1320 122.1590 3.0827 -0.1757 2.7131 0.3500 0.6426
4 3 2019/07/22 04:37:10.00 30 HD197692 7.2230 131.0560 -11.9793 -5.0419 -12.1867 -4.4814 0.5976
4 3 2019/07/22 04:37:10.00 30 HD203387 7.7290 119.0450 8.3782 -4.2246 7.9264 -3.7989 0.6207
4 3 2019/07/22 04:37:10.00 30 HD201381 13.7330 117.3620 11.0335 6.1005 10.5706 6.3968 0.5496
4 3 2019/07/22 04:37:10.00 30 HD194943 15.4790 129.3860 -8.8896 9.0476 -8.9077 9.5594 0.5121
4 3 2019/07/22 04:37:10.00 30 HD200499 8.4750 124.2410 -0.4062 -3.0017 -0.7877 -2.2944 0.8036
4 3 2019/07/22 04:37:10.00 30 HD196777 13.5430 127.4790 -5.7687 5.6653 -5.7826 5.4070 0.2587
4 3 2019/07/22 04:37:10.00 30 HD196662 16.0810 125.4930 -2.4531 9.9776 -2.5028 10.3810 0.4065
4 3 2019/07/22 04:37:10.00 30 HD194636 15.3980 129.9410 -9.8130 8.9311 -9.9244 9.3105 0.3954
4 3 2019/07/22 04:37:10.00 30 HD202671 7.6300 120.5960 5.7509 -4.4190 5.4372 -3.9364 0.5756
4 3 2019/07/22 04:43:10.00 30 HD206088 5.8580 116.9200 12.0730 -7.3910 11.4939 -7.1836 0.6151
4 3 2019/07/22 04:43:10.00 30 HD200761 11.1050 123.2290 1.2869 1.4734 0.9692 2.0371 0.6471
4 3 2019/07/22 04:43:10.00 30 HD197692 8.0850 132.1110 -13.7551 -3.5294 -13.7442 -3.1901 0.3395
4 3 2019/07/22 04:43:10.00 30 HD203387 8.7320 120.0800 6.6016 -2.5310 6.3902 -1.9479 0.6203
4 3 2019/07/22 04:43:10.00 30 HD201381 14.7580 118.4520 9.1790 7.8137 8.8161 8.2345 0.5556
4 3 2019/07/22 04:43:10.00 30 HD194943 16.3690 130.5520 -10.7957 10.6385 -10.9011 10.6117 0.1087
4 3 2019/07/22 04:43:10.00 30 HD200499 9.4240 125.2980 -2.1776 -1.3839 -2.5794 -0.9145 0.6179
4 3 2019/07/22 04:43:10.00 30 HD202320 7.0760 123.8870 0.1913 -5.3868 -0.1989 -5.1054 0.4811
4 3 2019/07/22 04:43:10.00 30 HD196777 14.4570 128.6100 -7.6279 7.2611 -7.7444 7.7976 0.5490
4 3 2019/07/22 04:43:10.00 30 HD202369 10.9970 120.0450 6.6137 1.3317 6.6313 1.2625 0.0715
4 3 2019/07/22 04:45:10.00 30 HD206088 6.1980 117.2560 11.4827 -6.8127 10.8914 -6.4240 0.7076
4 3 2019/07/22 04:45:10.00 30 HD204075 4.4000 123.5820 0.7133 -9.9657 0.3674 -9.7614 0.4017
4 3 2019/07/22 04:45:10.00 30 HD200761 11.4270 123.5890 0.6855 2.0203 0.4077 2.4982 0.5528
4 3 2019/07/22 04:45:10.00 30 HD203387 9.0640 120.4280 6.0079 -1.9702 5.5932 -1.5063 0.6222
4 3 2019/07/22 04:45:10.00 30 HD205637 4.7730 119.7700 7.2140 -9.3041 6.5861 -8.8503 0.7747
4 3 2019/07/22 04:45:10.00 30 HD201381 15.0980 118.8190 8.5593 8.3824 8.1658 8.6452 0.4731
4 3 2019/07/22 04:45:10.00 30 HD200914 5.5240 128.6410 -7.8993 -8.0081 -8.0510 -7.5140 0.5168
4 3 2019/07/22 04:45:10.00 30 HD200499 9.7380 125.6530 -2.7714 -0.8476 -3.0983 -0.2337 0.6955
4 3 2019/07/22 04:45:10.00 30 HD196777 14.7580 128.9910 -8.2526 7.7917 -8.0334 8.9982 1.2263
4 3 2019/07/22 04:45:10.00 30 HD201184 8.1050 125.8280 -3.0811 -3.6258 -3.3660 -3.1939 0.5174
4 3 2019/07/22 04:45:10.00 30 HD202369 11.3310 120.4010 6.0108 1.8925 5.5543 2.1543 0.5262
4 3 2019/07/22 04:47:10.00 30 HD207098 5.7220 116.0420 13.5940 -7.6046 12.7800 -7.3031 0.8680
4 3 2019/07/22 04:47:10.00 30 HD206088 6.5370 117.5930 10.8922 -6.2362 10.4358 -5.9900 0.5186
4 3 2019/07/22 04:47:10.00 30 HD204075 4.7150 123.9160 0.1435 -9.4246 -0.4264 -8.8186 0.8319
4 3 2019/07/22 04:47:10.00 30 HD200761 11.7480 123.9500 0.0827 2.5658 -0.1839 3.1217 0.6165
4 3 2019/07/22 04:47:10.00 30 HD203387 9.3960 120.7770 5.4134 -1.4110 5.1119 -0.8680 0.6211
4 3 2019/07/22 04:47:10.00 30 HD205637 5.1020 120.1040 6.6360 -8.7414 6.0293 -8.4198 0.6867
4 3 2019/07/22 04:47:10.00 30 HD201381 15.4360 119.1880 7.9386 8.9501 7.6331 9.2584 0.4340
4 3 2019/07/22 04:47:10.00 30 HD200914 5.8210 128.9820 -8.4749 -7.4928 -9.0766 -8.0112 0.7942
4 3 2019/07/22 04:47:10.00 30 HD200499 10.0500 126.0100 -3.3668 -0.3126 -3.6056 0.0395 0.4255
4 3 2019/07/22 04:47:10.00 30 HD202369 11.6630 120.7580 5.4069 2.4518 5.0143 2.7948 0.5214
4 3 2019/07/22 04:47:10.00 30 HD202671 9.2700 122.3320 2.8001 -1.6432 2.5394 -1.1725 0.5381
4 3 2019/07/22 04:51:10.00 30 HD207098 6.4070 116.7130 12.4083 -6.4402 11.7726 -6.0619 0.7398
4 3 2019/07/22 04:51:10.00 30 HD206088 7.2140 118.2710 9.7105 -5.0893 9.1777 -4.5988 0.7242
4 3 2019/07/22 04:51:10.00 30 HD204075 5.3440 124.5880 -0.9997 -8.3465 -1.3816 -7.9451 0.5540
4 3 2019/07/22 04:51:10.00 30 HD200761 12.3860 124.6780 -1.1279 3.6532 -1.3718 4.0625 0.4765
4 3 2019/07/22 04:51:10.00 30 HD203387 10.0550 121.4810 4.2216 -0.2977 3.8754 0.1985 0.6050
4 3 2019/07/22 04:51:10.00 30 HD205637 5.7590 120.7760 5.4782 -7.6208 5.0066 -7.1379 0.6749
4 3 2019/07/22 04:51:10.00 30 HD201381 16.1090 119.9310 6.6943 10.0827 6.3970 10.1786 0.3124
4 3 2019/07/22 04:51:10.00 30 HD200914 6.4120 129.6690 -9.6324 -6.4661 -9.7993 -6.0102 0.4855
4 3 2019/07/22 04:51:10.00 30 HD200499 10.6710 126.7280 -4.5633 0.7532 -4.8355 0.9041 0.3113
4 3 2019/07/22 04:51:10.00 30 HD202320 8.3400 125.2750 -2.1467 -3.2285 -2.4561 -2.7436 0.5752
4 3 2019/07/22 04:51:10.00 30 HD196777 15.6530 130.1440 -10.1430 9.3801 -10.0566 9.8515 0.4792
4 3 2019/07/22 04:51:10.00 30 HD201184 9.0340 126.8840 -4.8484 -2.0317 -5.2094 -1.7038 0.4877
4 3 2019/07/22 04:51:10.00 30 HD202369 12.3240 121.4780 4.1959 3.5660 4.2200 3.5486 0.0298
4 3 2019/07/22 04:51:10.00 30 HD202671 9.9190 123.0380 1.6122 -0.5444 1.3721 -0.1198 0.4878
4 3 2019/07/22 04:53:10.00 30 HD207098 6.7480 117.0500 11.8153 -5.8611 11.2872 -5.4968 0.6416
4 3 2019/07/22 04:53:10.00 30 HD206088 7.5520 118.6120 9.1191 -4.5187 8.6811 -4.0712 0.6262
4 3 2019/07/22 04:53:10.00 30 HD204075 5.6570 124.9270 -1.5733 -7.8095 -2.0131 -7.3382 0.6446
4 3 2019/07/22 04:53:10.00 30 HD200761 12.7030 125.0450 -1.7357 4.1952 -1.9732 4.6867 0.5459
4 3 2019/07/22 04:53:10.00 30 HD203387 10.3840 121.8350 3.6241 0.2565 3.2998 0.6601 0.5177
4 3 2019/07/22 04:53:10.00 30 HD205637 6.0860 121.1140 4.8982 -7.0630 4.4360 -6.5661 0.6786
4 3 2019/07/22 04:53:10.00 30 HD200914 6.7060 130.0140 -10.2143 -5.9548 -10.3933 -5.4511 0.5345
4 3 2019/07/22 04:53:10.00 30 HD206453 5.5900 119.7500 7.2310 -7.8986 6.7046 -7.5441 0.6347
4 3 2019/07/22 04:55:10.00 30 HD207098 7.0890 117.3890 11.2222 -5.2839 10.7495 -4.9518 0.5778
4 3 2019/07/22 04:55:10.00 30 HD206088 7.8880 118.9550 8.5273 -3.9501 8.1062 -3.5468 0.5831
4 3 2019/07/22 04:55:10.00 30 HD204075 5.9690 125.2660 -2.1484 -7.2740 -2.5475 -6.8560 0.5780
4 3 2019/07/22 04:55:10.00 30 HD200761 13.0190 125.4140 -2.3454 4.7361 -2.6622 5.3598 0.6996
4 3 2019/07/22 04:55:10.00 30 HD203387 10.7110 122.1900 3.0255 0.8092 2.7486 0.9900 0.3307
4 3 2019/07/22 04:55:10.00 30 HD205637 6.4130 121.4530 4.3173 -6.5070 3.9350 -6.0563 0.5910
4 3 2019/07/22 04:55:10.00 30 HD204381 6.0820 124.5010 -0.8499 -7.0833 -1.1656 -6.7588 0.4527
4 3 2019/07/22 04:55:10.00 30 HD200914 6.9990 130.3620 -10.7986 -5.4449 -11.0073 -5.0024 0.4892
4 3 2019/07/22 04:55:10.00 30 HD206453 5.9210 120.0860 6.6495 -7.3354 6.1481 -7.1291 0.5422
4 3 2019/07/22 04:55:10.00 30 HD200499 11.2870 127.4540 -5.7676 1.8141 -6.0231 2.1692 0.4374
4 3 2019/07/22 04:55:10.00 30 HD202320 8.9660 125.9780 -3.3250 -2.1587 -3.7207 -1.4576 0.8050
4 3 2019/07/22 04:55:10.00 30 HD202369 12.9810 122.2040 2.9800 4.6750 3.0420 5.0715 0.4014
4 3 2019/07/22 04:57:10.00 30 HD207098 7.4290 117.7290 10.6289 -4.7088 10.0775 -4.3053 0.6833
4 3 2019/07/22 04:57:10.00 30 HD206088 8.2240 119.2990 7.9349 -3.3834 7.5252 -3.0713 0.5149
4 3 2019/07/22 04:57:10.00 30 HD204075 6.2810 125.6080 -2.7249 -6.7400 -3.0425 -6.2794 0.5595
4 3 2019/07/22 04:57:10.00 30 HD200761 13.3330 125.7840 -2.9570 5.2759 -3.2208 5.8515 0.6331
4 3 2019/07/22 04:57:10.00 30 HD203387 11.0360 122.5470 2.4256 1.3604 2.1358 1.8712 0.5872
4 3 2019/07/22 04:57:10.00 30 HD205637 6.7390 121.7930 3.7356 -5.9526 3.4173 -5.6308 0.4526
4 3 2019/07/22 04:57:10.00 30 HD204381 6.3970 124.8430 -1.4272 -6.5451 -1.7085 -6.2338 0.4195
4 3 2019/07/22 04:57:10.00 30 HD200914 7.2900 130.7100 -11.3852 -4.9362 -11.4769 -4.6616 0.2895
4 3 2019/07/22 04:57:10.00 30 HD206453 6.2510 120.4240 6.0675 -6.7739 5.6956 -6.3138 0.5916
4 3 2019/07/22 04:57:10.00 30 HD202369 13.3070 122.5700 2.3701 5.2277 2.2381 5.6640 0.4558
4 3 2019/07/22 04:57:10.00 30 HD202671 10.8820 124.1080 -0.1800 1.0925 -0.4664 1.6022 0.5847
4 3 2019/07/22 05:13:11.00 30 HD207098 10.1210 120.5040 5.8601 -0.1714 5.5306 0.2417 0.5284
4 3 2019/07/22 05:13:11.00 30 HD206088 10.8760 122.1070 3.1624 1.0918 2.9143 1.5092 0.4855
4 3 2019/07/22 05:13:11.00 30 HD204075 8.7350 128.3950 -7.4035 -2.5170 -7.6676 -2.0005 0.5801
4 3 2019/07/22 05:13:11.00 30 HD200761 15.7960 128.8150 -7.9338 9.5706 -7.9801 9.9794 0.4114
4 3 2019/07/22 05:13:11.00 30 HD203387 13.6000 125.4690 -2.4322 5.7287 -2.7086 6.3163 0.6494
4 3 2019/07/22 05:13:11.00 30 HD205637 9.3140 124.5740 -0.9636 -1.5739 -1.2113 -1.1911 0.4560
4 3 2019/07/22 05:13:11.00 30 HD204381 8.8760 127.6290 -6.1079 -2.2902 -6.4028 -1.6959 0.6635
4 3 2019/07/22 05:13:11.00 30 HD206453 8.8630 123.1820 1.3746 -2.3406 1.1066 -2.1016 0.3591
4 3 2019/07/22 05:13:11.00 30 HD200499 13.9860 130.8070 -11.3078 6.5427 -11.3809 6.8817 0.3469
4 3 2019/07/22 05:13:11.00 30 HD207958 10.9030 117.5730 10.7765 1.2416 10.5499 1.1959 0.2312
4 3 2019/07/22 05:13:11.00 30 HD202320 11.7170 129.2260 -8.7283 2.5939 -8.9612 3.1476 0.6006
4 3 2019/07/22 05:13:11.00 30 HD206301 12.5280 120.0170 6.6285 3.9439 6.3565 4.2738 0.4276
4 3 2019/07/22 05:13:11.00 30 HD201184 12.3390 130.8840 -11.4964 3.7195 -11.8273 4.3102 0.6771
4 3 2019/07/22 05:13:11.00 30 HD202369 15.8720 125.5650 -2.5736 9.6191 -2.8926 10.0023 0.4985
4 3 2019/07/22 05:13:11.00 30 HD203638 10.2840 127.8090 -6.3819 0.1127 -6.3369 0.0217 0.1015
4 3 2019/07/22 05:13:11.00 30 HD202671 13.3980 127.0380 -5.0385 5.4067 -5.2983 5.9809 0.6302
4 3 2019/07/22 05:25:11.00 30 HD207098 12.0930 122.6470 2.2511 3.1581 1.9435 3.6171 0.5525
4 3 2019/07/22 05:25:11.00 30 HD206088 12.8150 124.2790 -0.4626 4.3819 -0.7486 4.8855 0.5792
4 3 2019/07/22 05:25:11.00 30 HD204075 10.5190 130.5490 -10.9965 0.5898 -11.2899 1.1746 0.6543
4 3 2019/07/22 05:25:11.00 30 HD209819 10.4940 117.6070 10.7327 0.5406 10.3393 0.7632 0.4520
4 3 2019/07/22 05:25:11.00 30 HD203387 15.4630 127.7330 -6.1517 8.9608 -6.4020 9.5139 0.6071
4 3 2019/07/22 05:25:11.00 30 HD205637 11.1940 126.7230 -4.5473 1.6433 -4.9144 2.1057 0.5905
4 3 2019/07/22 05:25:11.00 30 HD204381 10.6800 129.7840 -9.6976 0.8393 -9.9566 1.3317 0.5564
4 3 2019/07/22 05:25:11.00 30 HD206453 10.7740 125.3130 -2.1937 0.9133 -2.6381 1.4210 0.6748
4 3 2019/07/22 05:25:11.00 30 HD207958 12.9360 119.7130 7.1263 4.6480 6.7724 4.8363 0.4009
4 3 2019/07/22 05:25:11.00 30 HD206301 14.5140 122.2100 2.9559 7.2933 2.7282 7.8412 0.5933
4 3 2019/07/22 05:25:11.00 30 HD202671 15.2210 129.3090 -8.7692 8.6004 -8.9418 9.0626 0.4933
4 3 2019/07/22 05:27:11.00 30 HD207098 12.4180 123.0100 1.6451 3.7082 1.3659 4.1416 0.5156
4 3 2019/07/22 05:27:11.00 30 HD206088 13.1330 124.6470 -1.0722 4.9261 -1.4038 5.4801 0.6457
4 3 2019/07/22 05:27:11.00 30 HD204075 10.8120 130.9140 -11.6039 1.1036 -11.7989 1.6524 0.5825
4 3 2019/07/22 05:27:11.00 30 HD209819 10.8350 117.9590 10.1275 1.1123 9.6916 1.4352 0.5424
4 3 2019/07/22 05:27:11.00 30 HD203387 15.7680 128.1170 -6.7797 9.4972 -6.8743 9.8997 0.4134
4 3 2019/07/22 05:27:11.00 30 HD205637 11.5020 127.0870 -5.1511 2.1750 -5.4477 2.8708 0.7563
4 3 2019/07/22 05:27:11.00 30 HD204381 10.9760 130.1490 -10.3041 1.3568 -10.5293 2.0426 0.7219
4 3 2019/07/22 05:27:11.00 30 HD206453 11.0880 125.6740 -2.7941 1.4507 -3.0782 1.8710 0.5073
4 3 2019/07/22 05:27:11.00 30 HD207958 13.2710 120.0750 6.5152 5.2107 6.1971 5.6268 0.5237
4 3 2019/07/22 05:27:11.00 30 HD202671 15.5200 129.6950 -9.4000 9.1306 -8.9054 9.9356 0.9448
4 3 2019/07/22 05:35:11.00 30 HD207098 13.7030 124.4800 -0.7940 5.8970 -1.1149 6.4137 0.6082
4 3 2019/07/22 05:35:11.00 30 HD206088 14.3940 126.1360 -3.5296 7.0929 -3.7595 7.5290 0.4930
4 3 2019/07/22 05:35:11.00 30 HD209819 12.1900 119.3800 7.7008 3.3826 7.3213 3.7291 0.5139
4 3 2019/07/22 05:35:11.00 30 HD205637 12.7230 128.5610 -7.5882 4.2913 -7.8290 4.7287 0.4994
4 3 2019/07/22 05:35:11.00 30 HD204381 12.1430 131.6260 -12.7566 3.4166 -13.0723 3.8458 0.5328
4 3 2019/07/22 05:35:11.00 30 HD206453 12.3310 127.1340 -5.2148 3.5885 -5.4543 4.0789 0.5458
4 3 2019/07/22 05:35:11.00 30 HD207958 14.5990 121.5420 4.0595 7.4495 3.7369 7.6921 0.4036
4 3 2019/07/22 05:37:11.00 30 HD207098 14.0210 124.8510 -1.4080 6.4417 -1.6833 6.8861 0.5228
4 3 2019/07/22 05:37:11.00 30 HD206088 14.7050 126.5130 -4.1490 7.6326 -4.4289 8.1569 0.5944
4 3 2019/07/22 05:37:11.00 30 HD209819 12.5260 119.7390 7.0922 3.9464 6.7973 4.3265 0.4811
4 3 2019/07/22 05:37:11.00 30 HD205637 13.0240 128.9340 -8.2033 4.8179 -8.3212 5.3178 0.5136
4 3 2019/07/22 05:37:11.00 30 HD204381 12.4310 131.9990 -13.3768 3.9294 -12.9424 4.3752 0.6225
4 3 2019/07/22 05:37:11.00 30 HD206453 12.6380 127.5030 -5.8251 4.1203 -6.1954 4.6002 0.6061
4 3 2019/07/22 05:37:11.00 30 HD207958 14.9280 121.9130 3.4423 8.0066 3.2142 8.3756 0.4338
4 3 2019/07/22 05:37:11.00 30 HD206356 9.3880 130.5020 -10.9557 -1.3484 -10.9838 -0.9871 0.3624
4 3 2019/07/22 05:39:11.00 30 HD207098 14.3370 125.2250 -2.0239 6.9854 -2.2460 7.4866 0.5482
4 3 2019/07/22 05:39:11.00 30 HD206088 15.0150 126.8920 -4.7706 8.1715 -4.9395 8.6206 0.4799
4 3 2019/07/22 05:39:11.00 30 HD209819 12.8600 120.1000 6.4827 4.5088 6.1802 4.9864 0.5654
4 3 2019/07/22 05:39:11.00 30 HD205637 13.3240 129.3080 -8.8210 5.3438 -8.9392 5.9090 0.5775
4 3 2019/07/22 05:39:11.00 30 HD206453 12.9440 127.8740 -6.4377 4.6510 -6.5860 5.0881 0.4615
4 3 2019/07/22 05:39:11.00 30 HD207958 15.2560 122.2860 2.8238 8.5628 2.5761 8.9535 0.4626
4 3 2019/07/22 05:41:11.00 30 HD207098 14.6520 125.6000 -2.6418 7.5283 -2.8796 8.0258 0.5513
4 3 2019/07/22 05:41:11.00 30 HD206088 15.3240 127.2730 -5.3945 8.7097 -5.5735 9.2158 0.5368
4 3 2019/07/22 05:41:11.00 30 HD209819 13.1940 120.4620 5.8723 5.0698 5.5615 5.4848 0.5184
4 3 2019/07/22 05:41:11.00 30 HD205637 13.6220 129.6850 -9.4412 5.8688 -9.8306 6.4665 0.7134
4 3 2019/07/22 05:41:11.00 30 HD206453 13.2480 128.2470 -7.0526 5.1810 -7.3246 5.5743 0.4783
4 3 2019/07/22 05:41:11.00 30 HD207958 15.5820 122.6610 2.2037 9.1181 2.0410 9.4478 0.3677
4 3 2019/07/22 05:41:11.00 30 HD206356 9.9700 131.2230 -12.1599 -0.3259 -12.4351 -0.2699 0.2809
4 3 2019/07/22 05:43:11.00 30 HD207098 14.9660 125.9780 -3.2618 8.0705 -3.5353 8.5597 0.5605
4 3 2019/07/22 05:43:11.00 30 HD206088 15.6310 127.6550 -6.0209 9.2474 -6.2192 9.7974 0.5847
4 3 2019/07/22 05:43:11.00 30 HD209819 13.5270 120.8270 5.2607 5.6297 4.9685 6.0445 0.5074
4 3 2019/07/22 05:43:11.00 30 HD205637 13.9190 130.0630 -10.0641 6.3931 -10.2722 7.0233 0.6637
4 3 2019/07/22 05:43:11.00 30 HD206453 13.5510 128.6220 -7.6699 5.7100 -8.1262 5.9456 0.5135
4 3 2019/07/22 05:43:11.00 30 HD207958 15.9070 123.0380 1.5821 9.6727 1.2811 10.1306 0.5480
4 3 2019/07/22 05:53:12.00 30 HD209819 15.1730 122.6780 2.1785 8.4172 1.8940 8.7693 0.4528
4 3 2019/07/22 05:53:12.00 30 HD205637 15.3800 131.9860 -13.2271 9.0104 -13.1280 9.3640 0.3672
4 3 2019/07/22 05:53:12.00 30 HD206453 15.0440 130.5270 -10.8007 8.3491 -10.9330 8.8086 0.4782
4 3 2019/07/22 05:55:12.00 30 HD209819 15.4980 123.0530 1.5587 8.9710 1.2807 9.3808 0.4953
4 3 2019/07/22 05:55:12.00 30 HD206453 15.3370 130.9130 -11.4343 8.8744 -11.5386 9.4363 0.5715
4 3 2019/07/22 05:57:12.00 30 HD209819 15.8220 123.4300 0.9372 9.5240 0.7575 9.9887 0.4982
4 3 2019/07/22 05:57:12.00 30 HD206453 15.6280 131.3010 -12.0709 9.3993 -12.1592 9.8618 0.4709
4 3 2019/07/22 05:59:12.00 30 HD216627 6.7390 116.5910 12.6055 -5.8658 11.9692 -5.5603 0.7058
4 3 2019/07/22 05:59:12.00 30 HD209819 16.1440 123.8090 0.3140 10.0763 0.1936 10.3085 0.2615
4 3 2019/07/22 06:01:12.00 30 HD216627 7.0810 116.9290 12.0109 -5.2862 11.3911 -4.9329 0.7134
4 3 2019/07/22 06:03:12.00 30 HD216627 7.4220 117.2690 11.4163 -4.7087 10.8561 -4.3895 0.6448
4 3 2019/07/22 06:05:12.00 30 HD216627 7.7630 117.6100 10.8214 -4.1332 10.2652 -3.8728 0.6141
4 3 2019/07/22 06:07:12.00 30 HD216627 8.1030 117.9520 10.2262 -3.5597 9.6610 -3.3156 0.6156
4 3 2019/07/22 06:09:12.00 30 HD216627 8.4420 118.2960 9.6306 -2.9882 9.2105 -2.5757 0.5887
4 3 2019/07/22 06:11:12.00 30 HD216627 8.7800 118.6410 9.0346 -2.4185 8.6323 -2.1035 0.5110
4 3 2019/07/22 06:13:12.00 30 HD216627 9.1170 118.9880 8.4381 -1.8507 8.1383 -1.6995 0.3358
4 3 2019/07/22 06:13:12.00 30 HD216032 11.5480 118.2850 9.5546 2.3199 8.9142 1.9775 0.7261
4 3 2019/07/22 06:15:12.00 30 HD216032 11.8870 118.6410 8.9468 2.8882 8.4788 3.1811 0.5521
4 3 2019/07/22 06:17:12.00 30 HD216627 9.7890 119.6860 7.2432 -0.7206 6.8759 -0.4158 0.4773
4 3 2019/07/22 06:17:12.00 30 HD216032 12.2250 118.9980 8.3384 3.4551 8.0402 3.7383 0.4112
4 3 2019/07/22 06:19:12.00 30 HD216627 10.1230 120.0370 6.6446 -0.1581 6.3546 0.2213 0.4776
4 3 2019/07/22 06:19:12.00 30 HD216032 12.5630 119.3570 7.7291 4.0205 7.2420 4.2432 0.5356
