4 1 2019/07/21 08:19:47.00 30 HD012447 9.6830 94.2020 -3.6931 -0.9346 -3.2344 -0.9524 0.4591
4 1 2019/07/21 08:21:47.00 30 HD012447 10.0680 94.5240 -4.2298 -0.2768 -3.9948 -0.2639 0.2353
4 1 2019/07/21 08:23:47.00 30 HD012447 10.4520 94.8480 -4.7664 0.3819 -4.7322 -0.2054 0.5883
4 1 2019/07/21 08:25:47.00 30 HD012447 10.8360 95.1720 -5.3030 1.0415 -5.2233 0.9870 0.0965
4 1 2019/07/21 08:27:47.00 30 HD012447 11.2200 95.4960 -5.8398 1.7020 -6.2210 1.8991 0.4291
4 1 2019/07/21 08:29:47.00 30 HD012447 11.6040 95.8210 -6.3767 2.3636 -6.5286 2.1775 0.2402
4 1 2019/07/21 08:31:47.00 30 HD012447 11.9880 96.1470 -6.9139 3.0263 -6.8138 2.9152 0.1495
4 1 2019/07/21 08:33:47.00 30 HD012447 12.3720 96.4740 -7.4514 3.6903 -7.1998 3.5250 0.3010
4 1 2019/07/21 08:35:47.00 30 HD012447 12.7560 96.8010 -7.9894 4.3555 -7.5092 4.1085 0.5400
4 1 2019/07/21 08:37:47.00 30 HD016970 5.5360 90.1440 3.1527 -8.0124 3.0100 -8.3404 0.3577
4 1 2019/07/21 08:37:47.00 30 HD012447 13.1390 97.1300 -8.5279 5.0222 -7.9816 5.1856 0.5702
4 1 2019/07/21 08:37:47.00 30 HD015318 11.6850 88.4140 5.9810 2.4962 5.8717 2.5033 0.1095
4 1 2019/07/21 08:37:47.00 30 HD013611 14.8480 90.4950 2.4834 7.8625 2.4503 8.5226 0.6609
4 1 2019/07/21 08:39:47.00 30 HD016970 5.9180 90.4620 2.6094 -7.3608 3.0235 -8.0062 0.7668
4 1 2019/07/21 08:39:47.00 30 HD012447 13.5230 97.4590 -9.0670 5.6903 -8.7963 5.5539 0.3031
4 1 2019/07/21 08:39:47.00 30 HD015318 12.0710 88.7300 5.4469 3.1478 5.5099 2.8918 0.2636
4 1 2019/07/21 08:39:47.00 30 HD013611 15.2350 90.8130 1.9551 8.5219 2.2187 8.2119 0.4069
4 1 2019/07/21 08:41:48.00 30 HD016970 6.3030 90.7830 2.0627 -6.7033 2.1491 -6.8859 0.2020
4 1 2019/07/21 08:41:48.00 30 HD012447 13.9090 97.7920 -9.6112 6.3656 -9.5064 5.9465 0.4320
4 1 2019/07/21 08:41:48.00 30 HD015318 12.4610 89.0480 4.9093 3.8056 5.5615 3.2531 0.8547
4 1 2019/07/21 08:41:48.00 30 HD013611 15.6250 91.1350 1.4227 9.1881 1.5532 9.0076 0.2227
4 1 2019/07/21 08:45:48.00 30 HD018884 3.9890 87.7540 7.2591 -10.6536 6.9907 -11.0251 0.4583
4 1 2019/07/21 08:45:48.00 30 HD016970 7.0690 91.4200 0.9811 -5.3978 0.8046 -5.5956 0.2651
4 1 2019/07/21 08:45:48.00 30 HD012447 14.6750 98.4550 -10.6932 7.7101 -10.4895 6.9131 0.8226
4 1 2019/07/21 08:45:48.00 30 HD015318 13.2330 89.6810 3.8455 5.1128 3.7597 4.8887 0.2400
4 1 2019/07/21 08:45:48.00 30 HD013611 16.3990 91.7760 0.3676 10.5144 0.2153 10.3611 0.2161
4 1 2019/07/21 08:47:48.00 30 HD018884 4.3670 88.0710 6.7082 -10.0054 6.2397 -9.9749 0.4695
4 1 2019/07/21 08:47:48.00 30 HD016970 7.4520 91.7380 0.4415 -4.7445 0.3047 -4.9044 0.2105
4 1 2019/07/21 08:47:48.00 30 HD012447 15.0570 98.7880 -11.2355 8.3851 -11.0657 8.2229 0.2349
4 1 2019/07/21 08:49:48.00 30 HD018884 4.7460 88.3870 6.1589 -9.3563 6.0166 -9.2820 0.1605
4 1 2019/07/21 08:49:48.00 30 HD016970 7.8360 92.0580 -0.0973 -4.0907 0.0133 -4.2111 0.1635
4 1 2019/07/21 08:49:48.00 30 HD012447 15.4390 99.1210 -11.7789 9.0622 -11.7072 8.7263 0.3434
4 1 2019/07/21 08:49:48.00 30 HD015318 14.0060 90.3170 2.7846 6.4242 2.6091 6.2193 0.2698
4 1 2019/07/21 08:51:48.00 30 HD018884 5.1260 88.7040 5.6110 -8.7065 5.5199 -8.6611 0.1018
4 1 2019/07/21 08:51:48.00 30 HD016970 8.2200 92.3770 -0.6356 -3.4364 -0.7738 -3.4956 0.1504
4 1 2019/07/21 08:51:48.00 30 HD012447 15.8210 99.4570 -12.3233 9.7412 -11.9497 9.3639 0.5310
4 1 2019/07/21 08:51:48.00 30 HD015318 14.3930 90.6350 2.2550 7.0816 2.2777 6.7425 0.3399
4 1 2019/07/21 08:55:48.00 30 HD018884 5.8880 89.3380 4.5195 -7.4051 4.4341 -7.3720 0.0915
4 1 2019/07/21 08:55:48.00 30 HD016970 8.9890 93.0180 -1.7105 -2.1263 -1.8742 -2.0926 0.1672
4 1 2019/07/21 08:55:48.00 30 HD017094 12.9480 87.2900 7.8313 4.6814 7.6684 4.6085 0.1784
4 1 2019/07/21 08:55:48.00 30 HD015318 15.1660 91.2730 1.1972 8.4004 1.0939 8.5653 0.1945
4 1 2019/07/21 08:57:48.00 30 HD018884 6.2700 89.6550 3.9756 -6.7537 3.8555 -6.7890 0.1251
4 1 2019/07/21 08:57:48.00 30 HD016970 9.3730 93.3390 -2.2473 -1.4704 -2.1918 -1.7684 0.3031
4 1 2019/07/21 08:57:48.00 30 HD017094 13.3340 87.6040 7.2990 5.3321 7.3087 5.1058 0.2265
4 1 2019/07/21 08:57:48.00 30 HD015318 15.5530 91.5940 0.6688 9.0620 0.8825 8.8938 0.2720
4 1 2019/07/21 08:59:48.00 30 HD018884 6.6530 89.9730 3.4329 -6.1019 3.3262 -6.0713 0.1109
4 1 2019/07/21 08:59:48.00 30 HD016970 9.7570 93.6600 -2.7838 -0.8138 -2.7802 -0.6956 0.1183
4 1 2019/07/21 08:59:48.00 30 HD015318 15.9400 91.9140 0.1406 9.7251 0.3225 9.5804 0.2324
4 1 2019/07/21 09:01:48.00 30 HD018884 7.0360 90.2900 2.8912 -5.4498 2.8721 -5.4978 0.0516
4 1 2019/07/21 09:01:48.00 30 HD016970 10.1420 93.9820 -3.3200 -0.1566 -3.2452 -0.3577 0.2147
4 1 2019/07/21 09:01:48.00 30 HD017094 14.1070 88.2320 6.2374 6.6363 6.2085 6.5450 0.0958
4 1 2019/07/21 09:03:48.00 30 HD018884 7.4190 90.6080 2.3506 -4.7974 2.2032 -4.8744 0.1663
4 1 2019/07/21 09:03:48.00 30 HD016970 10.5270 94.3050 -3.8562 0.5015 -3.8716 0.1179 0.3839
4 1 2019/07/21 09:03:48.00 30 HD017094 14.4930 88.5470 5.7080 7.2899 5.6237 7.1979 0.1249
4 1 2019/07/21 09:05:48.00 30 HD018884 7.8030 90.9260 1.8108 -4.1445 1.6766 -4.2778 0.1891
4 1 2019/07/21 09:05:48.00 30 HD016970 10.9110 94.6280 -4.3922 1.1605 -4.2860 1.0911 0.1269
4 1 2019/07/21 09:07:48.00 30 HD018884 8.1870 91.2450 1.2719 -3.4913 1.2060 -3.4875 0.0660
4 1 2019/07/21 09:07:48.00 30 HD016970 11.2960 94.9520 -4.9283 1.8204 -4.8684 1.8233 0.0600
4 1 2019/07/21 09:09:48.00 30 HD018884 8.5720 91.5640 0.7338 -2.8377 0.6586 -2.8825 0.0875
4 1 2019/07/21 09:09:48.00 30 HD016970 11.6800 95.2770 -5.4645 2.4813 -5.4782 2.4336 0.0496
4 1 2019/07/21 09:09:48.00 30 HD021120 7.3220 84.1390 13.3575 -4.8503 13.5344 -5.4031 0.5804
4 1 2019/07/21 09:11:48.00 30 HD018884 8.9560 91.8830 0.1963 -2.1836 0.1880 -2.0725 0.1113
4 1 2019/07/21 09:11:48.00 30 HD016970 12.0640 95.6020 -6.0008 3.1433 -6.0314 3.0706 0.0788
4 1 2019/07/21 09:13:48.00 30 HD018884 9.3410 92.2030 -0.3406 -1.5289 -0.3900 -1.4849 0.0662
4 1 2019/07/21 09:13:48.00 30 HD016970 12.4490 95.9280 -6.5374 3.8065 -5.8863 3.6053 0.6815
4 1 2019/07/21 09:13:48.00 30 HD021120 8.0860 84.7640 12.2543 -3.5559 12.0402 -3.9078 0.4119
4 1 2019/07/21 09:15:48.00 30 HD018884 9.7260 92.5230 -0.8769 -0.8737 -0.9412 -0.8727 0.0643
4 1 2019/07/21 09:15:48.00 30 HD016970 12.8330 96.2550 -7.0744 4.4710 -6.7556 4.4412 0.3201
4 1 2019/07/21 09:15:48.00 30 HD021120 8.4690 85.0770 11.7056 -2.9086 11.5407 -3.1908 0.3268
4 1 2019/07/21 09:17:48.00 30 HD018884 10.1110 92.8440 -1.4129 -0.2178 -1.4314 -0.2103 0.0200
4 1 2019/07/21 09:17:48.00 30 HD016970 13.2170 96.5820 -7.6117 5.1368 -7.3346 5.0273 0.2980
4 1 2019/07/21 09:17:48.00 30 HD021120 8.8520 85.3900 11.1588 -2.2613 11.1386 -2.5800 0.3194
4 1 2019/07/21 09:19:48.00 30 HD018884 10.4960 93.1650 -1.9485 0.4388 -2.0345 0.4826 0.0966
4 1 2019/07/21 09:19:48.00 30 HD016970 13.6010 96.9100 -8.1496 5.8041 -8.2229 5.9596 0.1719
4 1 2019/07/21 09:19:48.00 30 HD021120 9.2360 85.7020 10.6137 -1.6138 10.3835 -1.7497 0.2674
4 1 2019/07/21 09:21:48.00 30 HD018884 10.8810 93.4870 -2.4838 1.0962 -2.5103 1.1021 0.0272
4 1 2019/07/21 09:21:48.00 30 HD016970 13.9840 97.2400 -8.6880 6.4730 -8.5219 6.4008 0.1812
4 1 2019/07/21 09:21:48.00 30 HD021120 9.6200 86.0150 10.0702 -0.9661 10.0424 -1.1139 0.1504
4 1 2019/07/21 09:23:49.00 30 HD018884 11.2690 93.8120 -3.0233 1.7599 -3.0324 1.7030 0.0576
4 1 2019/07/21 09:23:49.00 30 HD016970 14.3710 97.5730 -9.2316 7.1491 -9.0838 6.8240 0.3572
4 1 2019/07/21 09:23:49.00 30 HD021120 10.0080 86.3310 9.5239 -0.3127 9.4209 -0.6164 0.3207
4 1 2019/07/21 09:25:49.00 30 HD018884 11.6540 94.1350 -3.5583 2.4191 -3.5421 2.3663 0.0552
4 1 2019/07/21 09:25:49.00 30 HD016970 14.7540 97.9040 -9.7715 7.8214 -9.8111 7.5645 0.2599
4 1 2019/07/21 09:25:49.00 30 HD021120 10.3930 86.6440 8.9836 0.3355 8.7559 0.3241 0.2280
4 1 2019/07/21 09:27:49.00 30 HD018884 12.0390 94.4580 -4.0933 3.0793 -4.1323 3.1823 0.1101
4 1 2019/07/21 09:27:49.00 30 HD016970 15.1370 98.2360 -10.3122 8.4955 -10.0867 8.4652 0.2275
4 1 2019/07/21 09:27:49.00 30 HD021120 10.7780 86.9580 8.4447 0.9841 8.4801 0.8472 0.1414
4 1 2019/07/21 09:29:49.00 30 HD018884 12.4240 94.7830 -4.6283 3.7407 -4.6285 3.7871 0.0464
4 1 2019/07/21 09:29:49.00 30 HD016970 15.5200 98.5690 -10.8539 9.1716 -10.3448 9.1044 0.5135
4 1 2019/07/21 09:29:49.00 30 HD021120 11.1630 87.2720 7.9072 1.6333 7.8681 1.4609 0.1768
4 1 2019/07/21 09:31:49.00 30 HD018884 12.8090 95.1080 -5.1635 4.4032 -5.1377 4.4470 0.0508
4 1 2019/07/21 09:31:49.00 30 HD016970 15.9020 98.9030 -11.3965 9.8497 -10.6459 9.6343 0.7809
4 1 2019/07/21 09:31:49.00 30 HD021120 11.5490 87.5860 7.3709 2.2829 7.2246 2.3498 0.1609
4 1 2019/07/21 09:33:49.00 30 HD018884 13.1940 95.4330 -5.6989 5.0670 -5.7332 5.1128 0.0572
4 1 2019/07/21 09:33:49.00 30 HD021120 11.9340 87.9000 6.8358 2.9331 6.8639 2.8943 0.0479
4 1 2019/07/21 09:35:49.00 30 HD018884 13.5780 95.7600 -6.2345 5.7322 -6.1080 5.7405 0.1268
4 1 2019/07/21 09:35:49.00 30 HD021120 12.3200 88.2150 6.3018 3.5841 6.1818 3.5329 0.1304
4 1 2019/07/21 09:37:49.00 30 HD018884 13.9630 96.0870 -6.7706 6.3989 -6.7495 6.4462 0.0518
4 1 2019/07/21 09:37:49.00 30 HD021120 12.7070 88.5300 5.7688 4.2358 5.6509 4.2241 0.1185
4 1 2019/07/21 09:39:49.00 30 HD018884 14.3470 96.4150 -7.3071 7.0671 -7.0486 6.9597 0.2799
4 1 2019/07/21 09:39:49.00 30 HD021120 13.0930 88.8450 5.2368 4.8883 5.2588 4.9744 0.0888
4 1 2019/07/21 09:41:49.00 30 HD018884 14.7310 96.7440 -7.8441 7.7370 -7.7526 7.6996 0.0988
4 1 2019/07/21 09:41:49.00 30 HD021120 13.4790 89.1610 4.7056 5.5418 4.9097 5.3184 0.3027
4 1 2019/07/21 09:43:49.00 30 HD018884 15.1150 97.0740 -8.3818 8.4086 -8.1891 8.4160 0.1928
4 1 2019/07/21 09:43:49.00 30 HD021120 13.8660 89.4780 4.1752 6.1964 4.0798 6.0316 0.1904
4 1 2019/07/21 09:45:49.00 30 HD018884 15.4990 97.4050 -8.9202 9.0821 -8.6612 8.8794 0.3289
4 1 2019/07/21 09:45:49.00 30 HD021120 14.2520 89.7950 3.6455 6.8520 3.6967 6.8083 0.0673
4 1 2019/07/21 09:47:49.00 30 HD018884 15.8830 97.7370 -9.4593 9.7576 -9.2005 9.6227 0.2919
4 1 2019/07/21 09:47:49.00 30 HD021120 14.6390 90.1120 3.1165 7.5088 3.1243 7.4717 0.0379
4 1 2019/07/21 09:49:49.00 30 HD018884 16.2660 98.0700 -9.9994 10.4351 -9.6874 10.1681 0.4107
4 1 2019/07/21 09:49:49.00 30 HD021120 15.0260 90.4300 2.5880 8.1670 2.6936 8.0637 0.1478
4 1 2019/07/21 09:51:49.00 30 HD018884 16.6490 98.4040 -10.5404 11.1148 -10.2899 10.6204 0.5543
4 1 2019/07/21 09:51:49.00 30 HD021120 15.4120 90.7490 2.0599 8.8265 2.0259 8.8459 0.0392
4 1 2019/07/21 09:51:49.00 30 HD021364 15.3910 89.8020 3.6200 8.8029 3.7516 8.8230 0.1332
4 1 2019/07/21 09:53:49.00 30 HD021120 15.7990 91.0680 1.5322 9.4876 1.4038 9.4574 0.1320
4 1 2019/07/21 09:53:49.00 30 HD021364 15.7780 90.1200 3.0929 9.4619 2.8730 9.6476 0.2878
