4 8 2019/07/21 06:28:4.00 30 HD151680 11.3890 204.8940 -1.4902 1.9566 -1.9366 2.0688 0.4603
4 8 2019/07/21 06:28:4.00 30 HD158408 11.3180 195.9600 13.4942 2.0198 12.9183 2.0100 0.5760
4 8 2019/07/21 06:28:4.00 30 HD149438 15.6010 210.3690 -10.5188 9.3024 -10.7801 9.4264 0.2893
4 8 2019/07/21 06:28:4.00 30 HD151890 8.0960 203.0770 1.5556 -3.6465 1.1462 -3.4888 0.4387
4 8 2019/07/21 06:28:4.00 30 HD149447 9.3530 207.1030 -5.2125 -1.4850 -5.7752 -1.4823 0.5627
4 8 2019/07/21 06:28:4.00 30 HD148703 9.3960 208.2790 -7.1937 -1.3911 -7.6615 -1.2995 0.4767
4 8 2019/07/21 06:28:4.00 30 HD154090 12.6810 202.0840 3.1825 4.1647 2.7899 4.2507 0.4019
4 8 2019/07/21 06:28:4.00 30 HD153613 14.3000 203.4070 0.9790 6.9168 0.5535 6.9706 0.4289
4 8 2019/07/21 06:30:4.00 30 HD158926 11.5480 195.8480 13.6735 2.4194 12.2844 1.8645 1.4958
4 8 2019/07/21 06:30:4.00 30 HD151680 11.2250 205.2810 -2.1375 1.6806 -2.5357 1.7976 0.4151
4 8 2019/07/21 06:30:4.00 30 HD158408 11.2110 196.3510 12.8342 1.8178 12.9705 2.4472 0.6440
4 8 2019/07/21 06:30:4.00 30 HD149438 15.4040 210.7790 -11.2087 8.9839 -11.4891 9.0245 0.2834
4 8 2019/07/21 06:30:4.00 30 HD151890 7.9440 203.4440 0.9373 -3.9061 0.5081 -3.7425 0.4593
4 8 2019/07/21 06:30:4.00 30 HD152334 4.2280 201.2820 4.6395 -10.2548 4.1198 -10.3843 0.5355
4 8 2019/07/21 06:30:4.00 30 HD149447 9.1770 207.4760 -5.8442 -1.7800 -6.3307 -1.6945 0.4939
4 8 2019/07/21 06:30:4.00 30 HD148703 9.2130 208.6520 -7.8277 -1.6963 -8.1853 -1.6214 0.3654
4 8 2019/07/21 06:30:4.00 30 HD154090 12.5340 202.4820 2.5231 3.9108 2.0699 3.9415 0.4542
4 8 2019/07/21 06:30:4.00 30 HD153613 14.1450 203.8150 0.3062 6.6510 0.0024 6.7614 0.3233
4 8 2019/07/21 06:32:4.00 30 HD158926 11.4410 196.2410 13.0110 2.2178 12.5303 2.3529 0.4992
4 8 2019/07/21 06:32:4.00 30 HD151680 11.0590 205.6670 -2.7835 1.4014 -3.2111 1.4526 0.4306
4 8 2019/07/21 06:32:4.00 30 HD158408 11.1010 196.7420 12.1764 1.6128 11.7282 1.6814 0.4534
4 8 2019/07/21 06:32:4.00 30 HD149438 15.2050 211.1870 -11.8979 8.6622 -12.1946 8.6040 0.3024
4 8 2019/07/21 06:32:4.00 30 HD151890 7.7900 203.8100 0.3203 -4.1689 -0.0053 -4.0738 0.3391
4 8 2019/07/21 06:32:4.00 30 HD152334 4.0890 201.6240 4.0554 -10.4946 4.0087 -10.3866 0.1176
4 8 2019/07/21 06:32:4.00 30 HD149447 8.9980 207.8480 -6.4750 -2.0784 -6.8407 -1.9606 0.3842
4 8 2019/07/21 06:32:4.00 30 HD148703 9.0270 209.0240 -8.4609 -2.0049 -8.8091 -2.0141 0.3484
4 8 2019/07/21 06:32:4.00 30 HD154090 12.3850 202.8780 1.8652 3.6538 1.4758 3.6763 0.3901
4 8 2019/07/21 06:32:4.00 30 HD153613 13.9870 204.2210 -0.3650 6.3823 -0.8259 6.3951 0.4611
4 8 2019/07/21 06:34:4.00 30 HD158926 11.3320 196.6330 12.3507 2.0132 11.8255 2.0557 0.5269
4 8 2019/07/21 06:34:4.00 30 HD151680 10.8910 206.0520 -3.4284 1.1190 -3.7797 1.1724 0.3553
4 8 2019/07/21 06:34:4.00 30 HD158408 10.9880 197.1310 11.5209 1.4047 11.1450 1.5119 0.3908
4 8 2019/07/21 06:34:4.00 30 HD149438 15.0040 211.5940 -12.5864 8.3374 -12.7590 8.2691 0.1856
4 8 2019/07/21 06:34:4.00 30 HD151890 7.6340 204.1750 -0.2954 -4.4350 -0.6408 -4.3272 0.3618
4 8 2019/07/21 06:34:4.00 30 HD152334 3.9490 201.9660 3.4727 -10.7374 2.9005 -10.5579 0.5997
4 8 2019/07/21 06:34:4.00 30 HD149447 8.8170 208.2190 -7.1049 -2.3801 -7.3934 -2.3234 0.2940
4 8 2019/07/21 06:34:4.00 30 HD148703 8.8390 209.3940 -9.0933 -2.3169 -9.3901 -2.2939 0.2976
4 8 2019/07/21 06:34:4.00 30 HD154090 12.2340 203.2730 1.2090 3.3937 0.8254 3.2982 0.3953
4 8 2019/07/21 06:34:4.00 30 HD153613 13.8280 204.6250 -1.0349 6.1105 -1.3654 6.1153 0.3306
4 8 2019/07/21 06:36:4.00 30 HD158926 11.2200 197.0250 11.6927 1.8055 11.1236 1.8308 0.5696
4 8 2019/07/21 06:36:4.00 30 HD151680 10.7210 206.4350 -4.0721 0.8334 -4.4433 0.8526 0.3717
4 8 2019/07/21 06:36:4.00 30 HD158408 10.8740 197.5200 10.8675 1.1935 10.4293 1.2717 0.4452
4 8 2019/07/21 06:36:4.00 30 HD149438 14.8000 211.9990 -13.2745 8.0094 -13.2722 7.9222 0.0872
4 8 2019/07/21 06:36:4.00 30 HD151890 7.4760 204.5390 -0.9098 -4.7043 -1.2623 -4.5145 0.4003
4 8 2019/07/21 06:36:4.00 30 HD149447 8.6340 208.5880 -7.7340 -2.6851 -8.2207 -2.9944 0.5767
4 8 2019/07/21 06:36:4.00 30 HD148703 8.6490 209.7630 -9.7250 -2.6323 -9.8716 -2.6140 0.1477
4 8 2019/07/21 06:36:4.00 30 HD154090 12.0800 203.6670 0.5542 3.1305 0.1190 3.0853 0.4376
4 8 2019/07/21 06:36:4.00 30 HD153613 13.6650 205.0290 -1.7032 5.8357 -2.1143 5.8330 0.4111
4 8 2019/07/21 06:38:4.00 30 HD158926 11.1060 197.4150 11.0369 1.5949 10.5666 1.6959 0.4810
4 8 2019/07/21 06:38:4.00 30 HD151680 10.5480 206.8180 -4.7147 0.5445 -5.1462 0.5954 0.4345
4 8 2019/07/21 06:38:4.00 30 HD158408 10.7560 197.9070 10.2163 0.9793 9.7538 1.0314 0.4654
4 8 2019/07/21 06:38:4.00 30 HD151890 7.3150 204.9020 -1.5230 -4.9769 -1.8166 -4.8061 0.3397
4 8 2019/07/21 06:38:4.00 30 HD149447 8.4490 208.9570 -8.3622 -2.9936 -8.8164 -2.9154 0.4609
4 8 2019/07/21 06:38:4.00 30 HD148703 8.4570 210.1310 -10.3561 -2.9512 -10.8153 -2.8839 0.4642
4 8 2019/07/21 06:38:4.00 30 HD154090 11.9240 204.0590 -0.0990 2.8643 -0.8919 2.8051 0.7951
4 8 2019/07/21 06:38:4.00 30 HD153613 13.5000 205.4310 -2.3703 5.5579 -2.6802 5.5932 0.3119
4 8 2019/07/21 06:40:4.00 30 HD158926 10.9890 197.8040 10.3833 1.3811 9.9347 1.4528 0.4543
4 8 2019/07/21 06:40:4.00 30 HD151680 10.3730 207.1990 -5.3563 0.2524 -5.8227 0.2351 0.4668
4 8 2019/07/21 06:40:4.00 30 HD160578 9.6480 195.5450 14.2757 -0.8306 13.4379 -0.8108 0.8380
4 8 2019/07/21 06:40:4.00 30 HD158408 10.6360 198.2940 9.5672 0.7620 9.1409 0.8045 0.4284
4 8 2019/07/21 06:40:4.00 30 HD151890 7.1530 205.2630 -2.1349 -5.2528 -2.4530 -5.0305 0.3880
4 8 2019/07/21 06:40:4.00 30 HD154090 11.7650 204.4510 -0.7509 2.5949 -1.2379 2.5926 0.4871
4 8 2019/07/21 06:40:4.00 30 HD153613 13.3330 205.8310 -3.0360 5.2770 -3.4555 5.0493 0.4772
4 8 2019/07/21 06:42:4.00 30 HD158926 10.8700 198.1920 9.7317 1.1643 9.3094 1.2459 0.4302
4 8 2019/07/21 06:42:4.00 30 HD159532 5.5080 195.7380 14.1301 -7.9682 13.3109 -7.7838 0.8397
4 8 2019/07/21 06:42:4.00 30 HD151680 10.1950 207.5780 -5.9968 -0.0430 -6.4307 -0.0353 0.4339
4 8 2019/07/21 06:42:4.00 30 HD160578 9.5430 195.9250 13.6299 -1.0256 13.1003 -0.9391 0.5366
4 8 2019/07/21 06:42:4.00 30 HD158408 10.5140 198.6800 8.9201 0.5416 8.4629 0.5652 0.4578
4 8 2019/07/21 06:42:4.00 30 HD151890 6.9880 205.6240 -2.7458 -5.5319 -3.0612 -5.3690 0.3551
4 8 2019/07/21 06:42:4.00 30 HD149447 8.0730 209.6890 -9.6164 -3.6208 -9.8240 -3.5328 0.2255
4 8 2019/07/21 06:42:4.00 30 HD148703 8.0670 210.8620 -11.6163 -3.5993 -11.7971 -3.4719 0.2212
4 8 2019/07/21 06:42:4.00 30 HD154090 11.6040 204.8410 -1.4014 2.3224 -1.6382 2.6028 0.3670
4 8 2019/07/21 06:42:4.00 30 HD153613 13.1640 206.2310 -3.7005 4.9930 -4.0363 4.9889 0.3359
4 8 2019/07/21 06:44:4.00 30 HD158926 10.7480 198.5800 9.0823 0.9444 8.6498 1.0591 0.4474
4 8 2019/07/21 06:44:4.00 30 HD159532 5.4030 196.0900 13.5242 -8.1571 13.0430 -7.9095 0.5412
4 8 2019/07/21 06:44:4.00 30 HD151680 10.0160 207.9570 -6.6364 -0.3417 -7.0124 -0.3003 0.3783
4 8 2019/07/21 06:44:4.00 30 HD160578 9.4360 196.3050 12.9864 -1.2238 12.5744 -1.1072 0.4281
4 8 2019/07/21 06:44:4.00 30 HD158408 10.3890 199.0650 8.2750 0.3182 7.8937 0.3672 0.3844
4 8 2019/07/21 06:44:4.00 30 HD151890 6.8210 205.9830 -3.3555 -5.8144 -3.6697 -5.6489 0.3551
4 8 2019/07/21 06:44:4.00 30 HD161892 11.7280 195.4320 14.3740 2.7508 13.4754 2.8535 0.9044
4 8 2019/07/21 06:44:4.00 30 HD154090 11.4410 205.2300 -2.0505 2.0468 -2.3849 2.1575 0.3523
4 8 2019/07/21 06:46:4.00 30 HD159532 5.2960 196.4420 12.9204 -8.3491 12.3399 -8.1776 0.6052
4 8 2019/07/21 06:46:4.00 30 HD151680 9.8340 208.3340 -7.2750 -0.6438 -7.7819 -0.6384 0.5069
4 8 2019/07/21 06:46:4.00 30 HD160578 9.3270 196.6830 12.3451 -1.4251 11.8162 -1.3089 0.5414
4 8 2019/07/21 06:46:4.00 30 HD151890 6.6520 206.3410 -3.9641 -6.1002 -4.3070 -5.9266 0.3843
4 8 2019/07/21 06:46:4.00 30 HD161471 8.5550 195.4180 14.5437 -2.7039 13.6769 -2.7449 0.8678
4 8 2019/07/21 06:46:4.00 30 HD161892 11.6240 195.8260 13.7082 2.5523 13.0596 2.5457 0.6487
4 8 2019/07/21 06:46:4.00 30 HD159433 9.3580 197.9210 10.2387 -1.4120 9.8100 -1.2847 0.4472
4 8 2019/07/21 06:46:4.00 30 HD154090 11.2750 205.6170 -2.6984 1.7680 -3.1189 1.8194 0.4236
4 8 2019/07/21 06:46:4.00 30 HD153613 12.8170 207.0250 -5.0259 4.4156 -5.3080 4.0959 0.4264
4 8 2019/07/21 06:48:4.00 30 HD158926 10.4970 199.3520 7.7892 0.4955 7.3386 0.5543 0.4545
4 8 2019/07/21 06:48:4.00 30 HD159532 5.1880 196.7920 12.3185 -8.5443 11.7997 -8.2661 0.5887
4 8 2019/07/21 06:48:4.00 30 HD151680 9.6500 208.7090 -7.9128 -0.9492 -8.3109 -0.9464 0.3981
4 8 2019/07/21 06:48:4.00 30 HD160578 9.2150 197.0610 11.7059 -1.6295 11.2584 -1.5598 0.4529
4 8 2019/07/21 06:48:4.00 30 HD158408 10.1330 199.8310 6.9905 -0.1380 6.5502 -0.1386 0.4403
4 8 2019/07/21 06:48:4.00 30 HD151890 6.4810 206.6980 -4.5717 -6.3893 -4.8874 -6.3303 0.3211
4 8 2019/07/21 06:48:4.00 30 HD161471 8.4520 195.7910 13.9078 -2.8957 13.3918 -2.8454 0.5184
4 8 2019/07/21 06:48:4.00 30 HD161892 11.5180 196.2190 13.0449 2.3508 12.5867 2.2957 0.4615
4 8 2019/07/21 06:48:4.00 30 HD159433 9.2380 198.2980 9.6025 -1.6273 9.0899 -1.4821 0.5327
4 8 2019/07/21 06:52:4.00 30 HD158926 10.2370 200.1200 6.5038 0.0341 6.0795 0.0921 0.4283
4 8 2019/07/21 06:52:4.00 30 HD159532 4.9630 197.4920 11.1206 -8.9442 10.6394 -8.9091 0.4825
4 8 2019/07/21 06:52:4.00 30 HD151680 9.2750 209.4560 -9.1860 -1.5701 -9.5828 -1.5755 0.3968
4 8 2019/07/21 06:52:4.00 30 HD160578 8.9840 197.8130 10.4338 -2.0476 9.9365 -2.0361 0.4975
4 8 2019/07/21 06:52:4.00 30 HD158408 9.8660 200.5940 5.7133 -0.6066 5.2633 -0.5918 0.4503
4 8 2019/07/21 06:52:4.00 30 HD151890 6.1330 207.4080 -5.7839 -6.9775 -6.1440 -6.8255 0.3908
4 8 2019/07/21 06:52:4.00 30 HD161471 8.2380 196.5340 12.6426 -3.2886 12.2316 -3.2404 0.4138
4 8 2019/07/21 06:52:4.00 30 HD161892 11.2970 197.0040 11.7250 1.9386 11.2858 2.0232 0.4473
4 8 2019/07/21 06:52:4.00 30 HD159433 8.9920 199.0500 8.3359 -2.0672 7.9001 -1.9745 0.4455
4 8 2019/07/21 06:52:4.00 30 HD157919 16.5330 203.9800 0.0333 10.7461 -0.4100 10.5807 0.4732
4 8 2019/07/21 06:54:4.00 30 HD158926 10.1030 200.5020 5.8639 -0.2012 5.4339 -0.1091 0.4397
4 8 2019/07/21 06:54:4.00 30 HD159532 4.8480 197.8400 10.5244 -9.1488 9.9531 -9.0531 0.5793
4 8 2019/07/21 06:54:4.00 30 HD151680 9.0850 209.8280 -9.8215 -1.8856 -10.1653 -1.9104 0.3447
4 8 2019/07/21 06:54:4.00 30 HD160578 8.8650 198.1880 9.8008 -2.2614 9.3401 -2.2058 0.4640
4 8 2019/07/21 06:54:4.00 30 HD158408 9.7290 200.9740 5.0774 -0.8456 4.6421 -0.8168 0.4362
4 8 2019/07/21 06:54:4.00 30 HD151890 5.9570 207.7610 -6.3887 -7.2766 -6.6412 -7.1606 0.2779
4 8 2019/07/21 06:54:4.00 30 HD161471 8.1270 196.9040 12.0132 -3.4898 11.5228 -3.4108 0.4967
4 8 2019/07/21 06:54:4.00 30 HD161892 11.1830 197.3950 11.0685 1.7279 10.5672 1.6583 0.5061
4 8 2019/07/21 06:54:4.00 30 HD159433 8.8650 199.4250 7.7054 -2.2918 7.2915 -2.1570 0.4353
4 8 2019/07/21 06:54:4.00 30 HD157919 16.3750 204.4010 -0.6589 10.4739 -1.0043 10.4264 0.3487
4 8 2019/07/21 06:54:4.00 30 HD161840 16.2220 199.1620 7.9613 10.3053 7.5697 10.0754 0.4541
4 8 2019/07/21 06:56:4.00 30 HD158926 9.9670 200.8830 5.2256 -0.4396 4.8478 -0.3453 0.3894
4 8 2019/07/21 06:56:4.00 30 HD159532 4.7310 198.1880 9.9301 -9.3566 9.4261 -9.2500 0.5152
4 8 2019/07/21 06:56:4.00 30 HD151680 8.8920 210.1980 -10.4563 -2.2046 -10.8645 -2.2614 0.4122
4 8 2019/07/21 06:56:4.00 30 HD160578 8.7440 198.5620 9.1697 -2.4783 8.7465 -2.3764 0.4354
4 8 2019/07/21 06:56:4.00 30 HD158408 9.5900 201.3520 4.4431 -1.0877 4.1007 -1.0642 0.3432
4 8 2019/07/21 06:56:4.00 30 HD151890 5.7780 208.1130 -6.9925 -7.5790 -7.1946 -7.3998 0.2701
4 8 2019/07/21 06:56:4.00 30 HD161471 8.0140 197.2740 11.3858 -3.6942 10.9431 -3.6220 0.4486
4 8 2019/07/21 06:56:4.00 30 HD161892 11.0660 197.7840 10.4140 1.5142 9.9729 1.5568 0.4432
4 8 2019/07/21 06:56:4.00 30 HD159433 8.7360 199.7990 7.0768 -2.5196 6.6828 -2.4391 0.4022
4 8 2019/07/21 06:56:4.00 30 HD157919 16.2140 204.8220 -1.3495 10.1988 -1.7099 10.3105 0.3773
4 8 2019/07/21 07:00:4.00 30 HD158926 9.6880 201.6430 3.9543 -0.9259 3.5769 -0.8104 0.3947
4 8 2019/07/21 07:00:4.00 30 HD159532 4.4900 198.8800 8.7468 -9.7814 8.1911 -9.5219 0.6133
4 8 2019/07/21 07:00:4.00 30 HD151680 8.5010 210.9340 -11.7241 -2.8531 -12.0420 -2.8931 0.3204
4 8 2019/07/21 07:00:4.00 30 HD160578 8.4950 199.3080 7.9133 -2.9215 7.4759 -2.7595 0.4665
4 8 2019/07/21 07:00:4.00 30 HD158408 9.3050 202.1060 3.1794 -1.5815 2.7779 -1.4528 0.4216
4 8 2019/07/21 07:00:4.00 30 HD151890 5.4140 208.8140 -8.1978 -8.1939 -8.4931 -8.0320 0.3368
4 8 2019/07/21 07:00:4.00 30 HD161471 7.7810 198.0110 10.1372 -4.1123 9.5782 -3.9069 0.5955
4 8 2019/07/21 07:00:4.00 30 HD161892 10.8260 198.5610 9.1115 1.0776 8.7265 1.0518 0.3859
4 8 2019/07/21 07:00:4.00 30 HD159433 8.4700 200.5430 5.8249 -2.9847 5.4931 -2.8058 0.3769
4 8 2019/07/21 07:00:4.00 30 HD157919 15.8840 205.6580 -2.7264 9.6400 -3.1211 9.6945 0.3984
4 8 2019/07/21 07:04:5.00 30 HD158926 9.3970 202.4010 2.6842 -1.4269 2.2637 -1.4043 0.4210
4 8 2019/07/21 07:04:5.00 30 HD159532 4.2390 199.5720 7.5655 -10.2206 7.0578 -10.1884 0.5086
4 8 2019/07/21 07:04:5.00 30 HD151680 8.1000 211.6680 -12.9950 -3.5183 -13.1062 -3.4681 0.1221
4 8 2019/07/21 07:04:5.00 30 HD160578 8.2340 200.0520 6.6590 -3.3792 6.1763 -3.2246 0.5069
4 8 2019/07/21 07:04:5.00 30 HD158408 9.0090 202.8590 1.9168 -2.0900 1.4840 -2.0399 0.4357
4 8 2019/07/21 07:04:5.00 30 HD151890 5.0420 209.5120 -9.4051 -8.8250 -9.6807 -8.7202 0.2949
4 8 2019/07/21 07:04:5.00 30 HD161471 7.5380 198.7470 8.8911 -4.5449 8.4417 -4.4673 0.4560
4 8 2019/07/21 07:04:5.00 30 HD161892 10.5740 199.3370 7.8116 0.6268 7.3703 0.6954 0.4466
4 8 2019/07/21 07:04:5.00 30 HD157919 15.5420 206.4920 -4.1035 9.0671 -4.4479 9.0875 0.3450
4 8 2019/07/21 07:06:5.00 30 HD158926 9.2500 202.7770 2.0540 -1.6811 1.6810 -1.5821 0.3859
4 8 2019/07/21 07:06:5.00 30 HD159532 4.1120 199.9160 6.9797 -10.4439 6.5859 -10.3440 0.4063
4 8 2019/07/21 07:06:5.00 30 HD160578 8.1020 200.4210 6.0371 -3.6119 5.5403 -3.5440 0.5014
4 8 2019/07/21 07:06:5.00 30 HD158408 8.8590 203.2320 1.2903 -2.3480 0.8783 -2.2399 0.4259
4 8 2019/07/21 07:06:5.00 30 HD161471 7.4140 199.1120 8.2734 -4.7651 7.8735 -4.6647 0.4123
4 8 2019/07/21 07:06:5.00 30 HD161892 10.4450 199.7220 7.1673 0.3977 6.7626 0.4577 0.4090
4 8 2019/07/21 07:06:5.00 30 HD151985 4.9230 209.7930 -9.8906 -9.0254 -10.0979 -8.8343 0.2819
4 8 2019/07/21 07:06:5.00 30 HD159433 8.0540 201.6550 3.9543 -3.7081 3.6245 -3.5647 0.3596
4 8 2019/07/21 07:06:5.00 30 HD157919 15.3680 206.9050 -4.7873 8.7773 -5.1660 8.6029 0.4169
4 8 2019/07/21 07:20:5.00 30 HD158926 8.1510 205.3760 -2.3180 -3.5507 -2.7130 -3.4512 0.4072
4 8 2019/07/21 07:20:5.00 30 HD169022 14.2010 196.5200 12.4278 6.9472 11.8074 6.9469 0.6205
4 8 2019/07/21 07:20:5.00 30 HD159532 3.1650 202.2930 2.9225 -12.0919 2.5755 -11.6969 0.5258
4 8 2019/07/21 07:20:5.00 30 HD160578 7.1080 202.9770 1.7285 -5.3301 1.3211 -5.1899 0.4308
4 8 2019/07/21 07:20:5.00 30 HD158408 7.7420 205.8120 -3.0581 -4.2448 -3.4304 -4.2175 0.3732
4 8 2019/07/21 07:20:5.00 30 HD161471 6.4790 201.6410 3.9977 -6.3954 3.5994 -6.2726 0.4168
4 8 2019/07/21 07:20:5.00 30 HD167618 11.5590 197.1540 11.4617 2.3806 11.1149 2.4224 0.3493
4 8 2019/07/21 07:20:5.00 30 HD161892 9.4760 202.3870 2.7061 -1.2931 2.2669 -1.2317 0.4435
4 8 2019/07/21 07:20:5.00 30 HD159433 7.0070 204.2040 -0.3457 -5.5038 -0.7054 -5.4768 0.3608
4 8 2019/07/21 07:20:5.00 30 HD157919 14.0840 209.7550 -9.5442 6.6635 -9.9402 6.6190 0.3985
4 8 2019/07/21 07:20:5.00 30 HD161840 14.3470 204.5720 -0.9443 6.9985 -1.3844 6.9184 0.4473
4 8 2019/07/21 07:42:5.00 30 HD158926 6.2120 209.3420 -9.0787 -6.8156 -10.1422 -7.4802 1.2540
4 8 2019/07/21 07:42:5.00 30 HD169022 12.8340 200.9820 5.0132 4.4441 4.6525 4.5410 0.3735
4 8 2019/07/21 07:42:5.00 30 HD160578 5.3350 206.8860 -4.9096 -8.3508 -5.3293 -8.1687 0.4574
4 8 2019/07/21 07:42:5.00 30 HD158408 5.7780 209.7480 -9.7870 -7.5542 -9.4821 -6.6975 0.9094
4 8 2019/07/21 07:42:5.00 30 HD165135 15.0800 206.1970 -3.6221 8.2683 -4.0296 8.3573 0.4172
4 8 2019/07/21 07:42:5.00 30 HD161471 4.8010 205.5130 -2.5768 -9.2744 -2.9715 -9.0680 0.4454
4 8 2019/07/21 07:42:5.00 30 HD167618 10.1570 201.4160 4.3277 -0.1241 3.8822 -0.0307 0.4551
4 8 2019/07/21 07:42:5.00 30 HD161892 7.7260 206.4640 -4.1590 -4.2662 -4.5534 -4.1957 0.4006
4 8 2019/07/21 07:46:6.00 30 HD158926 5.8320 210.0490 -10.3023 -7.4560 -10.5760 -7.2993 0.3154
4 8 2019/07/21 07:46:6.00 30 HD169022 12.5510 201.7830 3.6853 3.9482 3.2242 3.9940 0.4633
4 8 2019/07/21 07:46:6.00 30 HD160578 4.9850 207.5850 -6.1076 -8.9451 -6.4385 -8.8111 0.3570
4 8 2019/07/21 07:46:6.00 30 HD168454 16.5520 204.1180 -0.1932 10.7775 -0.5342 10.5360 0.4178
4 8 2019/07/21 07:46:6.00 30 HD165135 14.7320 207.0190 -4.9859 7.6882 -5.2307 7.6576 0.2467
4 8 2019/07/21 07:46:6.00 30 HD161471 4.4690 206.2060 -3.7615 -9.8420 -4.0635 -9.6425 0.3619
4 8 2019/07/21 07:46:6.00 30 HD167618 9.8690 202.1810 3.0487 -0.6219 2.6647 -0.5635 0.3885
4 8 2019/07/21 07:46:6.00 30 HD161892 7.3780 207.1930 -5.3972 -4.8519 -5.8391 -4.7843 0.4470
4 8 2019/07/21 07:48:6.00 30 HD158926 5.6400 210.4000 -10.9106 -7.7800 -11.1838 -7.5928 0.3312
4 8 2019/07/21 07:48:6.00 30 HD169022 12.4070 202.1800 3.0267 3.6968 2.6245 3.7567 0.4066
4 8 2019/07/21 07:48:6.00 30 HD160578 4.8080 207.9310 -6.7027 -9.2459 -7.0482 -9.0652 0.3898
4 8 2019/07/21 07:48:6.00 30 HD168454 16.3920 204.5400 -0.8854 10.5043 -1.3127 10.3502 0.4543
4 8 2019/07/21 07:48:6.00 30 HD165135 14.5550 207.4270 -5.6632 7.3947 -6.0489 7.4421 0.3886
4 8 2019/07/21 07:48:6.00 30 HD161471 4.3010 206.5500 -4.3499 -10.1293 -4.7132 -10.0198 0.3795
4 8 2019/07/21 07:48:6.00 30 HD167618 9.7230 202.5600 2.4143 -0.8746 1.9574 -0.8313 0.4589
4 8 2019/07/21 07:48:6.00 30 HD161892 7.2020 207.5540 -6.0123 -5.1486 -6.3508 -5.0372 0.3564
