4 4 2019/07/21 04:36:21.00 30 HD189763 10.5030 139.5130 0.8149 0.4482 0.8012 0.9078 0.4598
4 4 2019/07/21 04:36:21.00 30 HD188603 11.6540 140.2740 -0.4572 2.4047 -0.3864 2.8585 0.4593
4 4 2019/07/21 04:36:21.00 30 HD184707 15.9950 142.9800 -4.9009 9.8551 -4.7645 10.3029 0.4681
4 4 2019/07/21 04:36:21.00 30 HD188376 12.5110 139.9910 0.0146 3.8642 0.0918 4.3660 0.5077
4 4 2019/07/21 04:36:21.00 30 HD189005 12.2100 139.3390 1.0989 3.3534 1.1106 3.7370 0.3838
4 4 2019/07/21 04:38:21.00 30 HD189763 10.7530 139.8850 0.1915 0.8719 0.1852 1.4565 0.5847
4 4 2019/07/21 04:38:21.00 30 HD188603 11.8990 140.6540 -1.0888 2.8240 -1.0961 3.3261 0.5021
4 4 2019/07/21 04:38:21.00 30 HD188376 12.7580 140.3750 -0.6230 4.2861 -0.5998 4.7100 0.4246
4 4 2019/07/21 04:38:21.00 30 HD189005 12.4610 139.7210 0.4635 3.7792 0.5215 4.1270 0.3526
4 4 2019/07/21 04:40:22.00 30 HD189763 11.0020 140.2630 -0.4389 1.2967 -0.4872 1.7977 0.5033
4 4 2019/07/21 04:40:22.00 30 HD188603 12.1450 141.0380 -1.7277 3.2445 -1.6798 3.6283 0.3868
4 4 2019/07/21 04:40:22.00 30 HD188376 13.0060 140.7640 -1.2679 4.7092 -1.3042 5.2869 0.5788
4 4 2019/07/21 04:40:22.00 30 HD189005 12.7120 140.1080 -0.1790 4.2062 -0.1311 4.7006 0.4966
4 4 2019/07/21 04:44:22.00 30 HD189763 11.4920 141.0170 -1.6948 2.1322 -1.6154 2.5949 0.4694
4 4 2019/07/21 04:44:22.00 30 HD188603 12.6270 141.8060 -3.0009 4.0719 -2.8749 4.7464 0.6861
4 4 2019/07/21 04:44:22.00 30 HD188376 13.4910 141.5410 -2.5531 5.5421 -2.4319 6.1977 0.6667
4 4 2019/07/21 04:44:22.00 30 HD189005 13.2030 140.8800 -1.4591 5.0467 -1.3277 5.4159 0.3919
4 4 2019/07/21 04:44:22.00 30 HD190056 7.6830 143.1200 -5.2687 -4.3323 -5.1703 -3.8553 0.4871
4 4 2019/07/21 04:46:22.00 30 HD197692 7.9810 131.9810 13.6008 -3.7119 13.3598 -3.5160 0.3106
4 4 2019/07/21 04:46:22.00 30 HD189763 11.7340 141.3960 -2.3256 2.5465 -2.2445 3.0512 0.5112
4 4 2019/07/21 04:46:22.00 30 HD188603 12.8650 142.1930 -3.6406 4.4824 -3.5727 5.0062 0.5282
4 4 2019/07/21 04:46:22.00 30 HD188376 13.7300 141.9320 -3.1988 5.9554 -3.0665 6.5237 0.5835
4 4 2019/07/21 04:46:22.00 30 HD189005 13.4460 141.2690 -2.1022 5.4637 -1.9592 5.6141 0.2075
4 4 2019/07/21 04:54:22.00 30 HD198542 7.0420 133.4330 11.1491 -5.3657 11.0132 -5.0683 0.3270
4 4 2019/07/21 04:54:22.00 30 HD197692 9.1110 133.4080 11.1179 -1.8182 11.0197 -1.5236 0.3105
4 4 2019/07/21 04:54:22.00 30 HD189103 6.5690 147.4330 -12.6531 -6.1581 -12.4498 -5.9672 0.2789
4 4 2019/07/21 04:54:22.00 30 HD189763 12.6810 142.9300 -4.8698 4.1816 -4.7779 4.6911 0.5177
4 4 2019/07/21 04:54:22.00 30 HD188603 13.7960 143.7550 -6.2222 6.1034 -6.1747 6.6402 0.5389
4 4 2019/07/21 04:54:22.00 30 HD188376 14.6670 143.5140 -5.8047 7.5884 -5.7989 8.2047 0.6163
4 4 2019/07/21 04:54:22.00 30 HD189005 14.3970 142.8410 -4.6961 7.1111 -4.5325 7.6532 0.5663
4 4 2019/07/21 04:54:22.00 30 HD190056 8.8120 144.9330 -8.3127 -2.3741 -8.1889 -1.8792 0.5101
4 4 2019/07/21 05:04:22.00 30 HD198542 8.4160 135.2020 8.0937 -3.0538 7.9686 -2.7762 0.3045
4 4 2019/07/21 05:04:22.00 30 HD197692 10.4900 135.2290 7.9967 0.4856 7.8527 0.6962 0.2551
4 4 2019/07/21 05:04:22.00 30 HD189763 13.8200 144.8850 -8.1022 6.1782 -7.9321 6.5682 0.4254
4 4 2019/07/21 05:04:22.00 30 HD188603 14.9110 145.7470 -9.5056 8.0853 -9.4442 8.5002 0.4194
4 4 2019/07/21 05:04:22.00 30 HD188376 15.7890 145.5300 -9.1188 9.5872 -8.6816 9.9214 0.5503
4 4 2019/07/21 05:04:22.00 30 HD189005 15.5380 144.8460 -7.9927 9.1268 -7.4393 9.4535 0.6426
4 4 2019/07/21 05:08:22.00 30 HD198542 8.9540 135.9210 6.8649 -2.1486 6.7341 -1.9186 0.2646
4 4 2019/07/21 05:08:22.00 30 HD197692 11.0300 135.9680 6.7411 1.3885 6.7717 1.7276 0.3406
4 4 2019/07/21 05:08:22.00 30 HD189763 14.2600 145.6790 -9.4131 6.9630 -9.0715 7.2734 0.4616
4 4 2019/07/21 05:08:22.00 30 HD200914 8.3380 131.9910 13.5695 -3.0980 13.3109 -2.8109 0.3864
4 4 2019/07/21 05:08:22.00 30 HD188603 15.3420 146.5560 -10.8384 8.8651 -10.7022 9.1542 0.3195
4 4 2019/07/21 05:08:22.00 30 HD189005 15.9790 145.6610 -9.3300 9.9204 -9.0295 10.2731 0.4633
4 4 2019/07/21 05:10:22.00 30 HD198542 9.2210 136.2830 6.2489 -1.7000 6.1038 -1.3379 0.3901
4 4 2019/07/21 05:10:22.00 30 HD197692 11.2970 136.3410 6.1115 1.8360 6.0733 2.1616 0.3278
4 4 2019/07/21 05:10:22.00 30 HD189763 14.4770 146.0790 -10.0727 7.3526 -9.9808 7.7996 0.4563
4 4 2019/07/21 05:10:22.00 30 HD200914 8.6230 132.3470 12.9476 -2.6207 12.6726 -2.2057 0.4978
4 4 2019/07/21 05:10:22.00 30 HD188603 15.5540 146.9630 -11.5092 9.2524 -11.4449 9.9130 0.6637
4 4 2019/07/21 05:10:22.00 30 HD189005 16.1960 146.0710 -10.0031 10.3146 -9.6234 10.4423 0.4006
4 4 2019/07/21 05:14:22.00 30 HD198542 9.7500 137.0120 5.0132 -0.8108 4.9728 -0.3788 0.4339
4 4 2019/07/21 05:14:22.00 30 HD197692 11.8260 137.0910 4.8484 2.7237 4.8473 3.1489 0.4252
4 4 2019/07/21 05:14:22.00 30 HD189763 14.9040 146.8830 -11.4007 8.1262 -11.2775 8.4337 0.3312
4 4 2019/07/21 05:14:22.00 30 HD200914 9.1890 133.0640 11.7019 -1.6748 11.6102 -1.2242 0.4599
4 4 2019/07/21 05:16:22.00 30 HD198542 10.0120 137.3780 4.3934 -0.3701 4.3618 0.0095 0.3808
4 4 2019/07/21 05:16:22.00 30 HD197692 12.0880 137.4680 4.2148 3.1639 4.2223 3.5082 0.3444
4 4 2019/07/21 05:16:22.00 30 HD189763 15.1140 147.2880 -12.0692 8.5103 -11.8875 8.6398 0.2231
4 4 2019/07/21 05:16:22.00 30 HD200914 9.4690 133.4240 11.0780 -1.2062 10.8803 -0.9463 0.3265
4 4 2019/07/21 05:18:22.00 30 HD198542 10.2720 137.7470 3.7723 0.0681 3.7830 0.4915 0.4235
4 4 2019/07/21 05:18:22.00 30 HD197692 12.3480 137.8480 3.5797 3.6017 3.5463 3.9317 0.3317
4 4 2019/07/21 05:18:22.00 30 HD189763 15.3220 147.6940 -12.7407 8.8926 -12.4154 9.0635 0.3674
4 4 2019/07/21 05:18:22.00 30 HD200914 9.7480 133.7870 10.4533 -0.7404 10.4064 -0.5932 0.1544
4 4 2019/07/21 05:20:22.00 30 HD198542 10.5310 138.1170 3.1497 0.5037 3.1049 0.9103 0.4091
4 4 2019/07/21 05:20:22.00 30 HD197692 12.6070 138.2290 2.9430 4.0371 2.9987 4.4059 0.3729
4 4 2019/07/21 05:20:22.00 30 HD189763 15.5270 148.1020 -13.4155 9.2733 -12.8541 9.8341 0.7935
4 4 2019/07/21 05:20:22.00 30 HD200914 10.0260 134.1510 9.8278 -0.2773 9.7693 -0.0306 0.2536
4 4 2019/07/21 05:22:23.00 30 HD198542 10.7890 138.4920 2.5204 0.9404 2.5635 1.2694 0.3318
4 4 2019/07/21 05:22:23.00 30 HD197692 12.8650 138.6150 2.2995 4.4739 2.4087 4.7812 0.3262
4 4 2019/07/21 05:22:23.00 30 HD200914 10.3040 134.5200 9.1962 0.1868 9.1127 0.2180 0.0891
4 4 2019/07/21 05:26:23.00 30 HD198542 11.2970 139.2400 1.2674 1.7993 1.2646 2.3414 0.5421
4 4 2019/07/21 05:26:23.00 30 HD197692 13.3720 139.3860 1.0178 5.3334 1.0735 5.9019 0.5712
4 4 2019/07/21 05:26:23.00 30 HD200914 10.8500 135.2570 7.9404 1.0995 7.8849 1.5043 0.4087
4 4 2019/07/21 05:26:23.00 30 HD200499 15.3240 132.5910 12.2642 8.8797 11.8338 9.2980 0.6002
4 4 2019/07/21 05:26:23.00 30 HD201184 13.6750 132.6310 12.2626 6.0358 11.7069 6.1694 0.5715
4 4 2019/07/21 05:28:23.00 30 HD198542 11.5480 139.6170 0.6384 2.2252 0.6520 2.6439 0.4189
4 4 2019/07/21 05:28:23.00 30 HD197692 13.6230 139.7740 0.3743 5.7599 0.4586 6.2455 0.4929
4 4 2019/07/21 05:28:23.00 30 HD200914 11.1210 135.6270 7.3109 1.5518 7.3432 1.8245 0.2745
4 4 2019/07/21 05:28:23.00 30 HD200499 15.6080 132.9810 11.6014 9.3482 11.5619 9.5018 0.1587
4 4 2019/07/21 05:30:23.00 30 HD198542 11.7970 139.9950 0.0077 2.6488 0.0272 3.0998 0.4514
4 4 2019/07/21 05:30:23.00 30 HD197692 13.8710 140.1640 -0.2711 6.1842 -0.2193 6.6271 0.4459
4 4 2019/07/21 05:30:23.00 30 HD200914 11.3900 136.0000 6.6802 2.0017 6.7412 2.3746 0.3779
4 4 2019/07/21 05:30:23.00 30 HD200499 15.8900 133.3730 10.9375 9.8143 10.8977 9.9917 0.1817
4 4 2019/07/21 05:32:23.00 30 HD198542 12.0440 140.3760 -0.6249 3.0700 -0.5599 3.5937 0.5277
4 4 2019/07/21 05:32:23.00 30 HD197692 14.1180 140.5560 -0.9185 6.6065 -0.8322 7.0144 0.4169
4 4 2019/07/21 05:32:23.00 30 HD200914 11.6570 136.3740 6.0483 2.4490 6.0470 2.7414 0.2925
4 4 2019/07/21 05:32:23.00 30 HD200499 16.1700 133.7670 10.2727 10.2784 10.3822 10.4567 0.2093
4 4 2019/07/21 05:34:23.00 30 HD198542 12.2900 140.7570 -1.2594 3.4890 -1.2272 4.0438 0.5558
4 4 2019/07/21 05:34:23.00 30 HD197692 14.3630 140.9490 -1.5679 7.0266 -1.4993 7.4940 0.4724
4 4 2019/07/21 05:34:23.00 30 HD200914 11.9220 136.7500 5.4151 2.8938 5.3881 3.3628 0.4698
4 4 2019/07/21 05:36:23.00 30 HD204075 11.5740 131.8840 13.6127 2.4631 13.4335 2.6717 0.2750
4 4 2019/07/21 05:36:23.00 30 HD198542 12.5330 141.1410 -1.8958 3.9058 -1.8251 4.3615 0.4611
4 4 2019/07/21 05:36:23.00 30 HD197692 14.6050 141.3440 -2.2193 7.4448 -2.1810 7.8230 0.3802
4 4 2019/07/21 05:36:23.00 30 HD200914 12.1860 137.1280 4.7805 3.3362 4.8052 3.6912 0.3558
4 4 2019/07/21 05:38:23.00 30 HD204075 11.8610 132.2550 12.9709 2.9375 12.5709 3.2623 0.5153
4 4 2019/07/21 05:38:23.00 30 HD198542 12.7740 141.5260 -2.5342 4.3204 -2.5083 4.8004 0.4808
4 4 2019/07/21 05:38:23.00 30 HD197692 14.8460 141.7420 -2.8730 7.8610 -2.8365 8.3164 0.4569
4 4 2019/07/21 05:38:23.00 30 HD200914 12.4480 137.5080 4.1445 3.7763 4.2739 4.2413 0.4827
4 4 2019/07/21 05:38:23.00 30 HD201184 15.3500 134.9520 8.3320 8.8108 8.3825 9.2481 0.4402
4 4 2019/07/21 05:40:23.00 30 HD204075 12.1460 132.6280 12.3284 3.4092 12.4145 3.7589 0.3601
4 4 2019/07/21 05:40:23.00 30 HD198542 13.0140 141.9130 -3.1748 4.7328 -3.0382 5.2809 0.5649
4 4 2019/07/21 05:40:23.00 30 HD197692 15.0840 142.1400 -3.5289 8.2752 -3.3946 8.7964 0.5382
4 4 2019/07/21 05:40:23.00 30 HD200914 12.7080 137.8890 3.5070 4.2139 3.5796 4.5840 0.3771
4 4 2019/07/21 05:40:23.00 30 HD201184 15.6230 135.3450 7.6729 9.2654 7.6868 9.4369 0.1721
4 4 2019/07/21 05:42:23.00 30 HD204075 12.4290 133.0020 11.6851 3.8784 11.4282 4.1691 0.3880
4 4 2019/07/21 05:42:23.00 30 HD198542 13.2510 142.3020 -3.8175 5.1431 -3.7742 5.5677 0.4268
4 4 2019/07/21 05:42:23.00 30 HD197692 15.3200 142.5410 -4.1871 8.6876 -3.9928 9.0859 0.4432
4 4 2019/07/21 05:42:23.00 30 HD200914 12.9660 138.2720 2.8679 4.6493 2.8961 5.1331 0.4846
4 4 2019/07/21 05:44:23.00 30 HD204075 12.7110 133.3790 11.0411 4.3449 10.9945 4.5547 0.2149
4 4 2019/07/21 05:44:23.00 30 HD198542 13.4860 142.6920 -4.4624 5.5513 -4.4847 6.0608 0.5100
4 4 2019/07/21 05:44:23.00 30 HD197692 15.5550 142.9440 -4.8477 9.0980 -4.7159 9.5508 0.4716
4 4 2019/07/21 05:44:23.00 30 HD200914 13.2220 138.6570 2.2272 5.0824 2.3105 5.5168 0.4423
4 4 2019/07/21 05:46:23.00 30 HD204075 12.9910 133.7570 10.3961 4.8089 10.2971 5.1302 0.3362
4 4 2019/07/21 05:46:23.00 30 HD198542 13.7200 143.0840 -5.1096 5.9575 -5.0688 6.4588 0.5030
4 4 2019/07/21 05:46:23.00 30 HD197692 15.7870 143.3480 -5.5108 9.5067 -5.3557 9.8651 0.3906
4 4 2019/07/21 05:46:23.00 30 HD200914 13.4770 139.0430 1.5848 5.5133 1.5857 6.0530 0.5397
4 4 2019/07/21 05:48:23.00 30 HD204075 13.2690 134.1370 9.7502 5.2704 9.6705 5.5562 0.2967
4 4 2019/07/21 05:48:23.00 30 HD198542 13.9510 143.4780 -5.7592 6.3617 -5.7375 6.8012 0.4401
4 4 2019/07/21 05:48:23.00 30 HD197692 16.0170 143.7540 -6.1765 9.9135 -6.0525 10.2218 0.3322
4 4 2019/07/21 05:48:23.00 30 HD200914 13.7290 139.4320 0.9406 5.9420 1.0561 6.4086 0.4808
4 4 2019/07/21 05:50:23.00 30 HD204075 13.5450 134.5190 9.1032 5.7295 9.0020 6.0503 0.3364
4 4 2019/07/21 05:50:23.00 30 HD198542 14.1800 143.8740 -6.4113 6.7639 -6.3909 7.2118 0.4484
4 4 2019/07/21 05:50:23.00 30 HD197692 16.2440 144.1620 -6.8447 10.3186 -6.6502 10.4698 0.2463
4 4 2019/07/21 05:50:23.00 30 HD200914 13.9790 139.8220 0.2946 6.3685 0.4712 6.8480 0.5110
4 4 2019/07/21 05:52:23.00 30 HD204075 13.8200 134.9030 8.4551 6.1862 8.4859 6.4348 0.2505
4 4 2019/07/21 05:52:23.00 30 HD198542 14.4070 144.2710 -7.0659 7.1641 -6.9629 7.6100 0.4576
4 4 2019/07/21 05:52:23.00 30 HD200914 14.2280 140.2140 -0.3534 6.7930 -0.2942 7.2449 0.4558
4 4 2019/07/21 05:54:23.00 30 HD204075 14.0930 135.2880 7.8059 6.6406 7.8997 6.9854 0.3574
4 4 2019/07/21 05:54:23.00 30 HD198542 14.6310 144.6700 -7.7230 7.5625 -7.6317 8.0891 0.5345
4 4 2019/07/21 05:54:23.00 30 HD204381 14.2980 134.5240 9.0736 7.0205 9.1304 7.2994 0.2847
4 4 2019/07/21 05:54:23.00 30 HD200914 14.4740 140.6080 -1.0033 7.2153 -0.9350 7.6559 0.4458
4 4 2019/07/21 05:56:23.00 30 HD204075 14.3640 135.6760 7.1554 7.0927 7.2166 7.4518 0.3643
4 4 2019/07/21 05:56:23.00 30 HD198542 14.8540 145.0710 -8.3829 7.9589 -8.1461 8.3360 0.4452
4 4 2019/07/21 05:56:23.00 30 HD204381 14.5730 134.9110 8.4207 7.4773 8.4468 7.8073 0.3310
4 4 2019/07/21 05:56:23.00 30 HD200914 14.7190 141.0030 -1.6553 7.6357 -1.4781 8.0537 0.4540
