1 27 2018/09/20 11:27:46.00 30 HD098262 6.2390 51.6950 3.6988 -5.9727 3.6711 -6.1553 0.1847
1 27 2018/09/20 11:27:46.00 30 HD094264 10.8330 54.4000 -0.8102 1.7637 -0.8312 1.7006 0.0665
1 27 2018/09/20 11:27:46.00 30 HD090537 16.4070 55.7430 -2.9609 11.2055 -2.9723 11.1693 0.0380
1 27 2018/09/20 11:27:46.00 30 HD094334 16.4530 47.2130 10.9407 11.4274 10.7202 11.3625 0.2299
1 27 2018/09/20 11:27:46.00 30 HD092125 11.7410 58.1470 -6.9921 3.3551 -7.0235 3.2708 0.0900
1 27 2018/09/20 11:27:46.00 30 HD090277 14.9650 58.3990 -7.3257 8.8230 -7.3896 8.8114 0.0649
1 27 2018/09/20 11:27:46.00 30 HD098230 5.2220 52.8800 1.7132 -7.6959 1.8008 -7.8538 0.1806
1 27 2018/09/20 11:27:46.00 30 HD098353 9.6050 47.8690 10.0514 -0.2338 10.1138 -0.2721 0.0731
1 27 2018/09/20 11:27:46.00 30 HD095128 13.9160 48.7430 8.4898 7.0364 8.4836 7.0400 0.0072
1 27 2018/09/20 11:27:46.00 30 HD095310 12.9280 49.5190 7.2289 5.3399 7.2286 5.1676 0.1723
