1 27 2018/09/20 11:31:46.00 30 HD098262 6.8420 52.2760 2.7054 -4.9283 2.7592 -5.0401 0.1242
1 27 2018/09/20 11:31:46.00 30 HD094264 11.4630 54.9470 -1.6995 2.8113 -1.7475 2.7237 0.0998
1 27 2018/09/20 11:31:46.00 30 HD090537 17.0480 56.2480 -3.7511 12.2411 -3.7571 12.0386 0.2026
1 27 2018/09/20 11:31:46.00 30 HD098231 5.8320 53.4720 0.7157 -6.6254 0.6792 -6.9210 0.2979
1 27 2018/09/20 11:31:46.00 30 HD094334 17.0230 47.6910 10.0812 12.3113 9.9343 11.9469 0.3929
1 27 2018/09/20 11:31:46.00 30 HD092125 12.3990 58.6960 -7.8386 4.4577 -8.0059 4.3278 0.2118
1 27 2018/09/20 11:31:46.00 30 HD090277 15.6250 58.9240 -8.1224 9.9117 -8.1431 10.0384 0.1284
1 27 2018/09/20 11:31:46.00 30 HD098353 10.1790 48.4140 9.0716 0.7181 8.2054 0.7881 0.8691
1 27 2018/09/20 11:31:46.00 30 HD095128 14.5000 49.2490 7.5990 7.9653 7.4811 8.1003 0.1793
1 27 2018/09/20 11:31:46.00 30 HD095310 13.5180 50.0370 6.3284 6.2898 6.2488 6.2689 0.0822
