4 3 2019/07/22 04:57:10.00 30 HD207098 7.4290 117.7290 10.6289 -4.7088 10.0775 -4.3053 0.6833
4 3 2019/07/22 04:57:10.00 30 HD206088 8.2240 119.2990 7.9349 -3.3834 7.5252 -3.0713 0.5149
4 3 2019/07/22 04:57:10.00 30 HD204075 6.2810 125.6080 -2.7249 -6.7400 -3.0425 -6.2794 0.5595
4 3 2019/07/22 04:57:10.00 30 HD200761 13.3330 125.7840 -2.9570 5.2759 -3.2208 5.8515 0.6331
4 3 2019/07/22 04:57:10.00 30 HD203387 11.0360 122.5470 2.4256 1.3604 2.1358 1.8712 0.5872
4 3 2019/07/22 04:57:10.00 30 HD205637 6.7390 121.7930 3.7356 -5.9526 3.4173 -5.6308 0.4526
4 3 2019/07/22 04:57:10.00 30 HD204381 6.3970 124.8430 -1.4272 -6.5451 -1.7085 -6.2338 0.4195
4 3 2019/07/22 04:57:10.00 30 HD200914 7.2900 130.7100 -11.3852 -4.9362 -11.4769 -4.6616 0.2895
4 3 2019/07/22 04:57:10.00 30 HD206453 6.2510 120.4240 6.0675 -6.7739 5.6956 -6.3138 0.5916
4 3 2019/07/22 04:57:10.00 30 HD202369 13.3070 122.5700 2.3701 5.2277 2.2381 5.6640 0.4558
4 3 2019/07/22 04:57:10.00 30 HD202671 10.8820 124.1080 -0.1800 1.0925 -0.4664 1.6022 0.5847
