4 3 2019/07/22 04:47:10.00 30 HD207098 5.7220 116.0420 13.5940 -7.6046 12.7800 -7.3031 0.8680
4 3 2019/07/22 04:47:10.00 30 HD206088 6.5370 117.5930 10.8922 -6.2362 10.4358 -5.9900 0.5186
4 3 2019/07/22 04:47:10.00 30 HD204075 4.7150 123.9160 0.1435 -9.4246 -0.4264 -8.8186 0.8319
4 3 2019/07/22 04:47:10.00 30 HD200761 11.7480 123.9500 0.0827 2.5658 -0.1839 3.1217 0.6165
4 3 2019/07/22 04:47:10.00 30 HD203387 9.3960 120.7770 5.4134 -1.4110 5.1119 -0.8680 0.6211
4 3 2019/07/22 04:47:10.00 30 HD205637 5.1020 120.1040 6.6360 -8.7414 6.0293 -8.4198 0.6867
4 3 2019/07/22 04:47:10.00 30 HD201381 15.4360 119.1880 7.9386 8.9501 7.6331 9.2584 0.4340
4 3 2019/07/22 04:47:10.00 30 HD200914 5.8210 128.9820 -8.4749 -7.4928 -9.0766 -8.0112 0.7942
4 3 2019/07/22 04:47:10.00 30 HD200499 10.0500 126.0100 -3.3668 -0.3126 -3.6056 0.0395 0.4255
4 3 2019/07/22 04:47:10.00 30 HD202369 11.6630 120.7580 5.4069 2.4518 5.0143 2.7948 0.5214
4 3 2019/07/22 04:47:10.00 30 HD202671 9.2700 122.3320 2.8001 -1.6432 2.5394 -1.1725 0.5381
