4 3 2019/07/22 04:37:10.00 30 HD206088 4.8350 115.9200 13.8436 -9.1375 12.9093 -9.0263 0.9409
4 3 2019/07/22 04:37:10.00 30 HD200761 10.1320 122.1590 3.0827 -0.1757 2.7131 0.3500 0.6426
4 3 2019/07/22 04:37:10.00 30 HD197692 7.2230 131.0560 -11.9793 -5.0419 -12.1867 -4.4814 0.5976
4 3 2019/07/22 04:37:10.00 30 HD203387 7.7290 119.0450 8.3782 -4.2246 7.9264 -3.7989 0.6207
4 3 2019/07/22 04:37:10.00 30 HD201381 13.7330 117.3620 11.0335 6.1005 10.5706 6.3968 0.5496
4 3 2019/07/22 04:37:10.00 30 HD194943 15.4790 129.3860 -8.8896 9.0476 -8.9077 9.5594 0.5121
4 3 2019/07/22 04:37:10.00 30 HD200499 8.4750 124.2410 -0.4062 -3.0017 -0.7877 -2.2944 0.8036
4 3 2019/07/22 04:37:10.00 30 HD196777 13.5430 127.4790 -5.7687 5.6653 -5.7826 5.4070 0.2587
4 3 2019/07/22 04:37:10.00 30 HD196662 16.0810 125.4930 -2.4531 9.9776 -2.5028 10.3810 0.4065
4 3 2019/07/22 04:37:10.00 30 HD194636 15.3980 129.9410 -9.8130 8.9311 -9.9244 9.3105 0.3954
4 3 2019/07/22 04:37:10.00 30 HD202671 7.6300 120.5960 5.7509 -4.4190 5.4372 -3.9364 0.5756
