4 3 2019/07/22 05:13:11.00 30 HD207098 10.1210 120.5040 5.8601 -0.1714 5.5306 0.2417 0.5284
4 3 2019/07/22 05:13:11.00 30 HD206088 10.8760 122.1070 3.1624 1.0918 2.9143 1.5092 0.4855
4 3 2019/07/22 05:13:11.00 30 HD204075 8.7350 128.3950 -7.4035 -2.5170 -7.6676 -2.0005 0.5801
4 3 2019/07/22 05:13:11.00 30 HD200761 15.7960 128.8150 -7.9338 9.5706 -7.9801 9.9794 0.4114
4 3 2019/07/22 05:13:11.00 30 HD203387 13.6000 125.4690 -2.4322 5.7287 -2.7086 6.3163 0.6494
4 3 2019/07/22 05:13:11.00 30 HD205637 9.3140 124.5740 -0.9636 -1.5739 -1.2113 -1.1911 0.4560
4 3 2019/07/22 05:13:11.00 30 HD204381 8.8760 127.6290 -6.1079 -2.2902 -6.4028 -1.6959 0.6635
4 3 2019/07/22 05:13:11.00 30 HD206453 8.8630 123.1820 1.3746 -2.3406 1.1066 -2.1016 0.3591
4 3 2019/07/22 05:13:11.00 30 HD200499 13.9860 130.8070 -11.3078 6.5427 -11.3809 6.8817 0.3469
4 3 2019/07/22 05:13:11.00 30 HD207958 10.9030 117.5730 10.7765 1.2416 10.5499 1.1959 0.2312
4 3 2019/07/22 05:13:11.00 30 HD202320 11.7170 129.2260 -8.7283 2.5939 -8.9612 3.1476 0.6006
4 3 2019/07/22 05:13:11.00 30 HD206301 12.5280 120.0170 6.6285 3.9439 6.3565 4.2738 0.4276
4 3 2019/07/22 05:13:11.00 30 HD201184 12.3390 130.8840 -11.4964 3.7195 -11.8273 4.3102 0.6771
4 3 2019/07/22 05:13:11.00 30 HD202369 15.8720 125.5650 -2.5736 9.6191 -2.8926 10.0023 0.4985
4 3 2019/07/22 05:13:11.00 30 HD203638 10.2840 127.8090 -6.3819 0.1127 -6.3369 0.0217 0.1015
4 3 2019/07/22 05:13:11.00 30 HD202671 13.3980 127.0380 -5.0385 5.4067 -5.2983 5.9809 0.6302
