4 3 2019/07/22 05:27:11.00 30 HD207098 12.4180 123.0100 1.6451 3.7082 1.3659 4.1416 0.5156
4 3 2019/07/22 05:27:11.00 30 HD206088 13.1330 124.6470 -1.0722 4.9261 -1.4038 5.4801 0.6457
4 3 2019/07/22 05:27:11.00 30 HD204075 10.8120 130.9140 -11.6039 1.1036 -11.7989 1.6524 0.5825
4 3 2019/07/22 05:27:11.00 30 HD209819 10.8350 117.9590 10.1275 1.1123 9.6916 1.4352 0.5424
4 3 2019/07/22 05:27:11.00 30 HD203387 15.7680 128.1170 -6.7797 9.4972 -6.8743 9.8997 0.4134
4 3 2019/07/22 05:27:11.00 30 HD205637 11.5020 127.0870 -5.1511 2.1750 -5.4477 2.8708 0.7563
4 3 2019/07/22 05:27:11.00 30 HD204381 10.9760 130.1490 -10.3041 1.3568 -10.5293 2.0426 0.7219
4 3 2019/07/22 05:27:11.00 30 HD206453 11.0880 125.6740 -2.7941 1.4507 -3.0782 1.8710 0.5073
4 3 2019/07/22 05:27:11.00 30 HD207958 13.2710 120.0750 6.5152 5.2107 6.1971 5.6268 0.5237
4 3 2019/07/22 05:27:11.00 30 HD202671 15.5200 129.6950 -9.4000 9.1306 -8.9054 9.9356 0.9448
