4 3 2019/07/22 04:45:10.00 30 HD206088 6.1980 117.2560 11.4827 -6.8127 10.8914 -6.4240 0.7076
4 3 2019/07/22 04:45:10.00 30 HD204075 4.4000 123.5820 0.7133 -9.9657 0.3674 -9.7614 0.4017
4 3 2019/07/22 04:45:10.00 30 HD200761 11.4270 123.5890 0.6855 2.0203 0.4077 2.4982 0.5528
4 3 2019/07/22 04:45:10.00 30 HD203387 9.0640 120.4280 6.0079 -1.9702 5.5932 -1.5063 0.6222
4 3 2019/07/22 04:45:10.00 30 HD205637 4.7730 119.7700 7.2140 -9.3041 6.5861 -8.8503 0.7747
4 3 2019/07/22 04:45:10.00 30 HD201381 15.0980 118.8190 8.5593 8.3824 8.1658 8.6452 0.4731
4 3 2019/07/22 04:45:10.00 30 HD200914 5.5240 128.6410 -7.8993 -8.0081 -8.0510 -7.5140 0.5168
4 3 2019/07/22 04:45:10.00 30 HD200499 9.7380 125.6530 -2.7714 -0.8476 -3.0983 -0.2337 0.6955
4 3 2019/07/22 04:45:10.00 30 HD196777 14.7580 128.9910 -8.2526 7.7917 -8.0334 8.9982 1.2263
4 3 2019/07/22 04:45:10.00 30 HD201184 8.1050 125.8280 -3.0811 -3.6258 -3.3660 -3.1939 0.5174
4 3 2019/07/22 04:45:10.00 30 HD202369 11.3310 120.4010 6.0108 1.8925 5.5543 2.1543 0.5262
