4 3 2019/07/22 04:51:10.00 30 HD207098 6.4070 116.7130 12.4083 -6.4402 11.7726 -6.0619 0.7398
4 3 2019/07/22 04:51:10.00 30 HD206088 7.2140 118.2710 9.7105 -5.0893 9.1777 -4.5988 0.7242
4 3 2019/07/22 04:51:10.00 30 HD204075 5.3440 124.5880 -0.9997 -8.3465 -1.3816 -7.9451 0.5540
4 3 2019/07/22 04:51:10.00 30 HD200761 12.3860 124.6780 -1.1279 3.6532 -1.3718 4.0625 0.4765
4 3 2019/07/22 04:51:10.00 30 HD203387 10.0550 121.4810 4.2216 -0.2977 3.8754 0.1985 0.6050
4 3 2019/07/22 04:51:10.00 30 HD205637 5.7590 120.7760 5.4782 -7.6208 5.0066 -7.1379 0.6749
4 3 2019/07/22 04:51:10.00 30 HD201381 16.1090 119.9310 6.6943 10.0827 6.3970 10.1786 0.3124
4 3 2019/07/22 04:51:10.00 30 HD200914 6.4120 129.6690 -9.6324 -6.4661 -9.7993 -6.0102 0.4855
4 3 2019/07/22 04:51:10.00 30 HD200499 10.6710 126.7280 -4.5633 0.7532 -4.8355 0.9041 0.3113
4 3 2019/07/22 04:51:10.00 30 HD202320 8.3400 125.2750 -2.1467 -3.2285 -2.4561 -2.7436 0.5752
4 3 2019/07/22 04:51:10.00 30 HD196777 15.6530 130.1440 -10.1430 9.3801 -10.0566 9.8515 0.4792
4 3 2019/07/22 04:51:10.00 30 HD201184 9.0340 126.8840 -4.8484 -2.0317 -5.2094 -1.7038 0.4877
4 3 2019/07/22 04:51:10.00 30 HD202369 12.3240 121.4780 4.1959 3.5660 4.2200 3.5486 0.0298
4 3 2019/07/22 04:51:10.00 30 HD202671 9.9190 123.0380 1.6122 -0.5444 1.3721 -0.1198 0.4878
