4 3 2019/07/22 04:43:10.00 30 HD206088 5.8580 116.9200 12.0730 -7.3910 11.4939 -7.1836 0.6151
4 3 2019/07/22 04:43:10.00 30 HD200761 11.1050 123.2290 1.2869 1.4734 0.9692 2.0371 0.6471
4 3 2019/07/22 04:43:10.00 30 HD197692 8.0850 132.1110 -13.7551 -3.5294 -13.7442 -3.1901 0.3395
4 3 2019/07/22 04:43:10.00 30 HD203387 8.7320 120.0800 6.6016 -2.5310 6.3902 -1.9479 0.6203
4 3 2019/07/22 04:43:10.00 30 HD201381 14.7580 118.4520 9.1790 7.8137 8.8161 8.2345 0.5556
4 3 2019/07/22 04:43:10.00 30 HD194943 16.3690 130.5520 -10.7957 10.6385 -10.9011 10.6117 0.1087
4 3 2019/07/22 04:43:10.00 30 HD200499 9.4240 125.2980 -2.1776 -1.3839 -2.5794 -0.9145 0.6179
4 3 2019/07/22 04:43:10.00 30 HD202320 7.0760 123.8870 0.1913 -5.3868 -0.1989 -5.1054 0.4811
4 3 2019/07/22 04:43:10.00 30 HD196777 14.4570 128.6100 -7.6279 7.2611 -7.7444 7.7976 0.5490
4 3 2019/07/22 04:43:10.00 30 HD202369 10.9970 120.0450 6.6137 1.3317 6.6313 1.2625 0.0715
