4 3 2019/07/22 05:25:11.00 30 HD207098 12.0930 122.6470 2.2511 3.1581 1.9435 3.6171 0.5525
4 3 2019/07/22 05:25:11.00 30 HD206088 12.8150 124.2790 -0.4626 4.3819 -0.7486 4.8855 0.5792
4 3 2019/07/22 05:25:11.00 30 HD204075 10.5190 130.5490 -10.9965 0.5898 -11.2899 1.1746 0.6543
4 3 2019/07/22 05:25:11.00 30 HD209819 10.4940 117.6070 10.7327 0.5406 10.3393 0.7632 0.4520
4 3 2019/07/22 05:25:11.00 30 HD203387 15.4630 127.7330 -6.1517 8.9608 -6.4020 9.5139 0.6071
4 3 2019/07/22 05:25:11.00 30 HD205637 11.1940 126.7230 -4.5473 1.6433 -4.9144 2.1057 0.5905
4 3 2019/07/22 05:25:11.00 30 HD204381 10.6800 129.7840 -9.6976 0.8393 -9.9566 1.3317 0.5564
4 3 2019/07/22 05:25:11.00 30 HD206453 10.7740 125.3130 -2.1937 0.9133 -2.6381 1.4210 0.6748
4 3 2019/07/22 05:25:11.00 30 HD207958 12.9360 119.7130 7.1263 4.6480 6.7724 4.8363 0.4009
4 3 2019/07/22 05:25:11.00 30 HD206301 14.5140 122.2100 2.9559 7.2933 2.7282 7.8412 0.5933
4 3 2019/07/22 05:25:11.00 30 HD202671 15.2210 129.3090 -8.7692 8.6004 -8.9418 9.0626 0.4933
