4 3 2019/07/22 04:55:10.00 30 HD207098 7.0890 117.3890 11.2222 -5.2839 10.7495 -4.9518 0.5778
4 3 2019/07/22 04:55:10.00 30 HD206088 7.8880 118.9550 8.5273 -3.9501 8.1062 -3.5468 0.5831
4 3 2019/07/22 04:55:10.00 30 HD204075 5.9690 125.2660 -2.1484 -7.2740 -2.5475 -6.8560 0.5780
4 3 2019/07/22 04:55:10.00 30 HD200761 13.0190 125.4140 -2.3454 4.7361 -2.6622 5.3598 0.6996
4 3 2019/07/22 04:55:10.00 30 HD203387 10.7110 122.1900 3.0255 0.8092 2.7486 0.9900 0.3307
4 3 2019/07/22 04:55:10.00 30 HD205637 6.4130 121.4530 4.3173 -6.5070 3.9350 -6.0563 0.5910
4 3 2019/07/22 04:55:10.00 30 HD204381 6.0820 124.5010 -0.8499 -7.0833 -1.1656 -6.7588 0.4527
4 3 2019/07/22 04:55:10.00 30 HD200914 6.9990 130.3620 -10.7986 -5.4449 -11.0073 -5.0024 0.4892
4 3 2019/07/22 04:55:10.00 30 HD206453 5.9210 120.0860 6.6495 -7.3354 6.1481 -7.1291 0.5422
4 3 2019/07/22 04:55:10.00 30 HD200499 11.2870 127.4540 -5.7676 1.8141 -6.0231 2.1692 0.4374
4 3 2019/07/22 04:55:10.00 30 HD202320 8.9660 125.9780 -3.3250 -2.1587 -3.7207 -1.4576 0.8050
4 3 2019/07/22 04:55:10.00 30 HD202369 12.9810 122.2040 2.9800 4.6750 3.0420 5.0715 0.4014
