4 8 2019/07/21 07:20:5.00 30 HD158926 8.1510 205.3760 -2.3180 -3.5507 -2.7130 -3.4512 0.4072
4 8 2019/07/21 07:20:5.00 30 HD169022 14.2010 196.5200 12.4278 6.9472 11.8074 6.9469 0.6205
4 8 2019/07/21 07:20:5.00 30 HD159532 3.1650 202.2930 2.9225 -12.0919 2.5755 -11.6969 0.5258
4 8 2019/07/21 07:20:5.00 30 HD160578 7.1080 202.9770 1.7285 -5.3301 1.3211 -5.1899 0.4308
4 8 2019/07/21 07:20:5.00 30 HD158408 7.7420 205.8120 -3.0581 -4.2448 -3.4304 -4.2175 0.3732
4 8 2019/07/21 07:20:5.00 30 HD161471 6.4790 201.6410 3.9977 -6.3954 3.5994 -6.2726 0.4168
4 8 2019/07/21 07:20:5.00 30 HD167618 11.5590 197.1540 11.4617 2.3806 11.1149 2.4224 0.3493
4 8 2019/07/21 07:20:5.00 30 HD161892 9.4760 202.3870 2.7061 -1.2931 2.2669 -1.2317 0.4435
4 8 2019/07/21 07:20:5.00 30 HD159433 7.0070 204.2040 -0.3457 -5.5038 -0.7054 -5.4768 0.3608
4 8 2019/07/21 07:20:5.00 30 HD157919 14.0840 209.7550 -9.5442 6.6635 -9.9402 6.6190 0.3985
4 8 2019/07/21 07:20:5.00 30 HD161840 14.3470 204.5720 -0.9443 6.9985 -1.3844 6.9184 0.4473
