4 8 2019/07/21 06:30:4.00 30 HD158926 11.5480 195.8480 13.6735 2.4194 12.2844 1.8645 1.4958
4 8 2019/07/21 06:30:4.00 30 HD151680 11.2250 205.2810 -2.1375 1.6806 -2.5357 1.7976 0.4151
4 8 2019/07/21 06:30:4.00 30 HD158408 11.2110 196.3510 12.8342 1.8178 12.9705 2.4472 0.6440
4 8 2019/07/21 06:30:4.00 30 HD149438 15.4040 210.7790 -11.2087 8.9839 -11.4891 9.0245 0.2834
4 8 2019/07/21 06:30:4.00 30 HD151890 7.9440 203.4440 0.9373 -3.9061 0.5081 -3.7425 0.4593
4 8 2019/07/21 06:30:4.00 30 HD152334 4.2280 201.2820 4.6395 -10.2548 4.1198 -10.3843 0.5355
4 8 2019/07/21 06:30:4.00 30 HD149447 9.1770 207.4760 -5.8442 -1.7800 -6.3307 -1.6945 0.4939
4 8 2019/07/21 06:30:4.00 30 HD148703 9.2130 208.6520 -7.8277 -1.6963 -8.1853 -1.6214 0.3654
4 8 2019/07/21 06:30:4.00 30 HD154090 12.5340 202.4820 2.5231 3.9108 2.0699 3.9415 0.4542
4 8 2019/07/21 06:30:4.00 30 HD153613 14.1450 203.8150 0.3062 6.6510 0.0024 6.7614 0.3233
