4 8 2019/07/21 06:32:4.00 30 HD158926 11.4410 196.2410 13.0110 2.2178 12.5303 2.3529 0.4992
4 8 2019/07/21 06:32:4.00 30 HD151680 11.0590 205.6670 -2.7835 1.4014 -3.2111 1.4526 0.4306
4 8 2019/07/21 06:32:4.00 30 HD158408 11.1010 196.7420 12.1764 1.6128 11.7282 1.6814 0.4534
4 8 2019/07/21 06:32:4.00 30 HD149438 15.2050 211.1870 -11.8979 8.6622 -12.1946 8.6040 0.3024
4 8 2019/07/21 06:32:4.00 30 HD151890 7.7900 203.8100 0.3203 -4.1689 -0.0053 -4.0738 0.3391
4 8 2019/07/21 06:32:4.00 30 HD152334 4.0890 201.6240 4.0554 -10.4946 4.0087 -10.3866 0.1176
4 8 2019/07/21 06:32:4.00 30 HD149447 8.9980 207.8480 -6.4750 -2.0784 -6.8407 -1.9606 0.3842
4 8 2019/07/21 06:32:4.00 30 HD148703 9.0270 209.0240 -8.4609 -2.0049 -8.8091 -2.0141 0.3484
4 8 2019/07/21 06:32:4.00 30 HD154090 12.3850 202.8780 1.8652 3.6538 1.4758 3.6763 0.3901
4 8 2019/07/21 06:32:4.00 30 HD153613 13.9870 204.2210 -0.3650 6.3823 -0.8259 6.3951 0.4611
