4 8 2019/07/21 06:56:4.00 30 HD158926 9.9670 200.8830 5.2256 -0.4396 4.8478 -0.3453 0.3894
4 8 2019/07/21 06:56:4.00 30 HD159532 4.7310 198.1880 9.9301 -9.3566 9.4261 -9.2500 0.5152
4 8 2019/07/21 06:56:4.00 30 HD151680 8.8920 210.1980 -10.4563 -2.2046 -10.8645 -2.2614 0.4122
4 8 2019/07/21 06:56:4.00 30 HD160578 8.7440 198.5620 9.1697 -2.4783 8.7465 -2.3764 0.4354
4 8 2019/07/21 06:56:4.00 30 HD158408 9.5900 201.3520 4.4431 -1.0877 4.1007 -1.0642 0.3432
4 8 2019/07/21 06:56:4.00 30 HD151890 5.7780 208.1130 -6.9925 -7.5790 -7.1946 -7.3998 0.2701
4 8 2019/07/21 06:56:4.00 30 HD161471 8.0140 197.2740 11.3858 -3.6942 10.9431 -3.6220 0.4486
4 8 2019/07/21 06:56:4.00 30 HD161892 11.0660 197.7840 10.4140 1.5142 9.9729 1.5568 0.4432
4 8 2019/07/21 06:56:4.00 30 HD159433 8.7360 199.7990 7.0768 -2.5196 6.6828 -2.4391 0.4022
4 8 2019/07/21 06:56:4.00 30 HD157919 16.2140 204.8220 -1.3495 10.1988 -1.7099 10.3105 0.3773
