4 8 2019/07/21 06:52:4.00 30 HD158926 10.2370 200.1200 6.5038 0.0341 6.0795 0.0921 0.4283
4 8 2019/07/21 06:52:4.00 30 HD159532 4.9630 197.4920 11.1206 -8.9442 10.6394 -8.9091 0.4825
4 8 2019/07/21 06:52:4.00 30 HD151680 9.2750 209.4560 -9.1860 -1.5701 -9.5828 -1.5755 0.3968
4 8 2019/07/21 06:52:4.00 30 HD160578 8.9840 197.8130 10.4338 -2.0476 9.9365 -2.0361 0.4975
4 8 2019/07/21 06:52:4.00 30 HD158408 9.8660 200.5940 5.7133 -0.6066 5.2633 -0.5918 0.4503
4 8 2019/07/21 06:52:4.00 30 HD151890 6.1330 207.4080 -5.7839 -6.9775 -6.1440 -6.8255 0.3908
4 8 2019/07/21 06:52:4.00 30 HD161471 8.2380 196.5340 12.6426 -3.2886 12.2316 -3.2404 0.4138
4 8 2019/07/21 06:52:4.00 30 HD161892 11.2970 197.0040 11.7250 1.9386 11.2858 2.0232 0.4473
4 8 2019/07/21 06:52:4.00 30 HD159433 8.9920 199.0500 8.3359 -2.0672 7.9001 -1.9745 0.4455
4 8 2019/07/21 06:52:4.00 30 HD157919 16.5330 203.9800 0.0333 10.7461 -0.4100 10.5807 0.4732
