4 8 2019/07/21 07:00:4.00 30 HD158926 9.6880 201.6430 3.9543 -0.9259 3.5769 -0.8104 0.3947
4 8 2019/07/21 07:00:4.00 30 HD159532 4.4900 198.8800 8.7468 -9.7814 8.1911 -9.5219 0.6133
4 8 2019/07/21 07:00:4.00 30 HD151680 8.5010 210.9340 -11.7241 -2.8531 -12.0420 -2.8931 0.3204
4 8 2019/07/21 07:00:4.00 30 HD160578 8.4950 199.3080 7.9133 -2.9215 7.4759 -2.7595 0.4665
4 8 2019/07/21 07:00:4.00 30 HD158408 9.3050 202.1060 3.1794 -1.5815 2.7779 -1.4528 0.4216
4 8 2019/07/21 07:00:4.00 30 HD151890 5.4140 208.8140 -8.1978 -8.1939 -8.4931 -8.0320 0.3368
4 8 2019/07/21 07:00:4.00 30 HD161471 7.7810 198.0110 10.1372 -4.1123 9.5782 -3.9069 0.5955
4 8 2019/07/21 07:00:4.00 30 HD161892 10.8260 198.5610 9.1115 1.0776 8.7265 1.0518 0.3859
4 8 2019/07/21 07:00:4.00 30 HD159433 8.4700 200.5430 5.8249 -2.9847 5.4931 -2.8058 0.3769
4 8 2019/07/21 07:00:4.00 30 HD157919 15.8840 205.6580 -2.7264 9.6400 -3.1211 9.6945 0.3984
