4 8 2019/07/21 06:42:4.00 30 HD158926 10.8700 198.1920 9.7317 1.1643 9.3094 1.2459 0.4302
4 8 2019/07/21 06:42:4.00 30 HD159532 5.5080 195.7380 14.1301 -7.9682 13.3109 -7.7838 0.8397
4 8 2019/07/21 06:42:4.00 30 HD151680 10.1950 207.5780 -5.9968 -0.0430 -6.4307 -0.0353 0.4339
4 8 2019/07/21 06:42:4.00 30 HD160578 9.5430 195.9250 13.6299 -1.0256 13.1003 -0.9391 0.5366
4 8 2019/07/21 06:42:4.00 30 HD158408 10.5140 198.6800 8.9201 0.5416 8.4629 0.5652 0.4578
4 8 2019/07/21 06:42:4.00 30 HD151890 6.9880 205.6240 -2.7458 -5.5319 -3.0612 -5.3690 0.3551
4 8 2019/07/21 06:42:4.00 30 HD149447 8.0730 209.6890 -9.6164 -3.6208 -9.8240 -3.5328 0.2255
4 8 2019/07/21 06:42:4.00 30 HD148703 8.0670 210.8620 -11.6163 -3.5993 -11.7971 -3.4719 0.2212
4 8 2019/07/21 06:42:4.00 30 HD154090 11.6040 204.8410 -1.4014 2.3224 -1.6382 2.6028 0.3670
4 8 2019/07/21 06:42:4.00 30 HD153613 13.1640 206.2310 -3.7005 4.9930 -4.0363 4.9889 0.3359
