4 8 2019/07/21 06:54:4.00 30 HD158926 10.1030 200.5020 5.8639 -0.2012 5.4339 -0.1091 0.4397
4 8 2019/07/21 06:54:4.00 30 HD159532 4.8480 197.8400 10.5244 -9.1488 9.9531 -9.0531 0.5793
4 8 2019/07/21 06:54:4.00 30 HD151680 9.0850 209.8280 -9.8215 -1.8856 -10.1653 -1.9104 0.3447
4 8 2019/07/21 06:54:4.00 30 HD160578 8.8650 198.1880 9.8008 -2.2614 9.3401 -2.2058 0.4640
4 8 2019/07/21 06:54:4.00 30 HD158408 9.7290 200.9740 5.0774 -0.8456 4.6421 -0.8168 0.4362
4 8 2019/07/21 06:54:4.00 30 HD151890 5.9570 207.7610 -6.3887 -7.2766 -6.6412 -7.1606 0.2779
4 8 2019/07/21 06:54:4.00 30 HD161471 8.1270 196.9040 12.0132 -3.4898 11.5228 -3.4108 0.4967
4 8 2019/07/21 06:54:4.00 30 HD161892 11.1830 197.3950 11.0685 1.7279 10.5672 1.6583 0.5061
4 8 2019/07/21 06:54:4.00 30 HD159433 8.8650 199.4250 7.7054 -2.2918 7.2915 -2.1570 0.4353
4 8 2019/07/21 06:54:4.00 30 HD157919 16.3750 204.4010 -0.6589 10.4739 -1.0043 10.4264 0.3487
4 8 2019/07/21 06:54:4.00 30 HD161840 16.2220 199.1620 7.9613 10.3053 7.5697 10.0754 0.4541
