4 8 2019/07/21 06:34:4.00 30 HD158926 11.3320 196.6330 12.3507 2.0132 11.8255 2.0557 0.5269
4 8 2019/07/21 06:34:4.00 30 HD151680 10.8910 206.0520 -3.4284 1.1190 -3.7797 1.1724 0.3553
4 8 2019/07/21 06:34:4.00 30 HD158408 10.9880 197.1310 11.5209 1.4047 11.1450 1.5119 0.3908
4 8 2019/07/21 06:34:4.00 30 HD149438 15.0040 211.5940 -12.5864 8.3374 -12.7590 8.2691 0.1856
4 8 2019/07/21 06:34:4.00 30 HD151890 7.6340 204.1750 -0.2954 -4.4350 -0.6408 -4.3272 0.3618
4 8 2019/07/21 06:34:4.00 30 HD152334 3.9490 201.9660 3.4727 -10.7374 2.9005 -10.5579 0.5997
4 8 2019/07/21 06:34:4.00 30 HD149447 8.8170 208.2190 -7.1049 -2.3801 -7.3934 -2.3234 0.2940
4 8 2019/07/21 06:34:4.00 30 HD148703 8.8390 209.3940 -9.0933 -2.3169 -9.3901 -2.2939 0.2976
4 8 2019/07/21 06:34:4.00 30 HD154090 12.2340 203.2730 1.2090 3.3937 0.8254 3.2982 0.3953
4 8 2019/07/21 06:34:4.00 30 HD153613 13.8280 204.6250 -1.0349 6.1105 -1.3654 6.1153 0.3306
