1 28 2018/09/21 06:59:19.00 30 HD035497 17.8160 67.1940 4.4920 12.4594 4.3976 12.1279 0.3446
1 28 2018/09/21 06:59:19.00 30 HD037202 11.3100 71.7800 -3.0204 1.2829 -3.1633 1.2793 0.1430
1 28 2018/09/21 07:01:19.00 30 HD037202 11.6770 72.0740 -3.5077 1.9087 -3.6908 1.9460 0.1868
1 28 2018/09/21 07:03:19.00 30 HD037202 12.0450 72.3660 -3.9934 2.5367 -4.1751 2.5874 0.1887
1 28 2018/09/21 07:03:19.00 30 HD042995 6.2140 65.8090 7.0940 -7.3399 7.0090 -7.4081 0.1090
1 28 2018/09/21 07:05:19.00 30 HD044478 5.1660 64.8920 8.6933 -9.1232 8.6988 -9.3095 0.1863
1 28 2018/09/21 07:05:19.00 30 HD037202 12.4130 72.6590 -4.4775 3.1668 -4.6866 3.2604 0.2292
1 28 2018/09/21 07:05:19.00 30 HD042995 6.5640 66.1090 6.5733 -6.7474 6.6177 -6.7795 0.0548
1 28 2018/09/21 07:07:19.00 30 HD044478 5.5110 65.1950 8.1638 -8.5355 8.3091 -8.7004 0.2198
1 28 2018/09/21 07:07:19.00 30 HD037202 12.7820 72.9510 -4.9599 3.7991 -5.1270 3.8965 0.1934
1 28 2018/09/21 07:07:19.00 30 HD042995 6.9140 66.4080 6.0555 -6.1534 5.8303 -5.9766 0.2863
1 28 2018/09/21 07:09:19.00 30 HD044478 5.8570 65.4970 7.6372 -7.9462 7.4695 -7.9241 0.1691
1 28 2018/09/21 07:09:19.00 30 HD037202 13.1520 73.2430 -5.4409 4.4337 -5.5563 4.4865 0.1269
1 28 2018/09/21 07:09:19.00 30 HD042995 7.2660 66.7070 5.5404 -5.5580 5.4457 -5.5859 0.0987
1 28 2018/09/21 07:11:19.00 30 HD044478 6.2050 65.7980 7.1136 -7.3553 7.0757 -7.4079 0.0648
1 28 2018/09/21 07:11:19.00 30 HD037202 13.5220 73.5340 -5.9203 5.0707 -6.0453 5.1117 0.1315
1 28 2018/09/21 07:11:19.00 30 HD042995 7.6190 67.0050 5.0280 -4.9610 4.9561 -5.0271 0.0977
1 28 2018/09/21 07:13:19.00 30 HD044478 6.5550 66.0980 6.5929 -6.7629 6.5961 -6.6751 0.0879
1 28 2018/09/21 07:13:19.00 30 HD037202 13.8930 73.8250 -6.3984 5.7101 -6.5162 5.7966 0.1462
1 28 2018/09/21 07:13:19.00 30 HD042995 7.9730 67.3020 4.5181 -4.3625 4.4186 -4.3703 0.0998
1 28 2018/09/21 07:15:19.00 30 HD044478 6.9050 66.3970 6.0750 -6.1690 5.9711 -6.1854 0.1052
1 28 2018/09/21 07:15:19.00 30 HD037202 14.2650 74.1160 -6.8751 6.3520 -6.9723 6.4075 0.1119
1 28 2018/09/21 07:15:19.00 30 HD042995 8.3270 67.5990 4.0109 -3.7625 3.9127 -3.8250 0.1164
1 28 2018/09/21 07:15:19.00 30 HD039357 15.2740 66.5490 5.6099 8.1057 5.4968 8.1814 0.1361
1 28 2018/09/21 07:15:19.00 30 HD038751 14.2290 69.6690 0.4785 6.2569 0.3688 6.3859 0.1693
1 28 2018/09/21 07:17:19.00 30 HD044478 7.2570 66.6960 5.5598 -5.5736 5.4397 -5.5961 0.1222
1 28 2018/09/21 07:17:19.00 30 HD037202 14.6370 74.4060 -7.3505 6.9966 -7.3789 7.0102 0.0315
1 28 2018/09/21 07:17:19.00 30 HD042995 8.6830 67.8940 3.5061 -3.1609 3.4099 -3.1843 0.0990
1 28 2018/09/21 07:17:19.00 30 HD041116 11.0750 68.8610 1.8507 0.8937 1.7724 0.8223 0.1060
1 28 2018/09/21 07:17:19.00 30 HD038751 14.5920 69.9520 0.0085 6.8746 -0.1050 6.8230 0.1247
1 28 2018/09/21 07:19:19.00 30 HD044478 7.6090 66.9940 5.0473 -4.9766 4.9071 -5.0667 0.1667
1 28 2018/09/21 07:19:19.00 30 HD037202 15.0100 74.6960 -7.8247 7.6438 -7.3826 7.0049 0.7769
1 28 2018/09/21 07:19:19.00 30 HD042995 9.0400 68.1890 3.0037 -2.5578 3.4927 -3.1005 0.7305
1 28 2018/09/21 07:19:19.00 30 HD041116 11.4350 69.1510 1.3629 1.5030 1.7321 0.8184 0.7778
1 28 2018/09/21 07:21:19.00 30 HD044478 7.9630 67.2910 4.5374 -4.3782 4.4871 -4.4153 0.0626
1 28 2018/09/21 07:21:19.00 30 HD037202 15.3830 74.9870 -8.2977 8.2937 -8.3417 8.3933 0.1089
1 28 2018/09/21 07:21:19.00 30 HD042995 9.3980 68.4840 2.5036 -1.9530 2.3464 -1.9761 0.1589
1 28 2018/09/21 07:21:19.00 30 HD041116 11.7960 69.4410 0.8772 2.1142 0.8171 2.2132 0.1158
1 28 2018/09/21 07:23:19.00 30 HD044478 8.3180 67.5870 4.0301 -3.7783 3.9542 -3.7092 0.1026
1 28 2018/09/21 07:23:19.00 30 HD037202 15.7570 75.2760 -8.7695 8.9465 -8.7800 8.9818 0.0369
1 28 2018/09/21 07:23:19.00 30 HD042995 9.7570 68.7780 2.0059 -1.3466 1.9600 -1.3240 0.0512
1 28 2018/09/21 07:23:19.00 30 HD041116 12.1580 69.7290 0.3935 2.7273 0.2867 2.7411 0.1077
1 28 2018/09/21 07:23:19.00 30 HD039587 12.1250 73.5600 -5.9827 2.6880 -6.2010 2.6528 0.2211
1 28 2018/09/21 07:25:20.00 30 HD044478 8.6770 67.8860 3.5210 -3.1717 3.4632 -3.2084 0.0685
1 28 2018/09/21 07:25:20.00 30 HD048329 6.6800 62.7650 12.2829 -6.4645 12.2130 -6.5727 0.1289
1 28 2018/09/21 07:25:20.00 30 HD037202 16.1340 75.5690 -9.2441 9.6076 -9.2375 9.6273 0.0208
1 28 2018/09/21 07:25:20.00 30 HD042995 10.1190 69.0740 1.5063 -0.7334 1.3732 -0.8376 0.1690
1 28 2018/09/21 07:25:20.00 30 HD041116 12.5240 70.0200 -0.0922 3.3476 -0.1908 3.2296 0.1537
1 28 2018/09/21 07:27:20.00 30 HD044478 9.0340 68.1810 3.0186 -2.5687 2.9334 -2.5743 0.0854
1 28 2018/09/21 07:27:20.00 30 HD048329 7.0210 63.0610 11.7583 -5.8874 11.5228 -6.1951 0.3875
1 28 2018/09/21 07:27:20.00 30 HD037202 16.5090 75.8580 -9.7139 10.2663 -9.7345 10.3144 0.0523
1 28 2018/09/21 07:27:20.00 30 HD042995 10.4800 69.3660 1.0130 -0.1235 0.8456 -0.0785 0.1734
1 28 2018/09/21 07:27:20.00 30 HD041116 12.8870 70.3080 -0.5720 3.9648 -0.6510 4.0486 0.1151
1 28 2018/09/21 07:29:20.00 30 HD044478 9.3910 68.4750 2.5185 -1.9640 2.3741 -1.9529 0.1449
1 28 2018/09/21 07:29:20.00 30 HD048329 7.3630 63.3570 11.2370 -5.3090 11.2674 -5.2513 0.0652
1 28 2018/09/21 07:29:20.00 30 HD037202 16.8850 76.1480 -10.1826 10.9281 -10.1435 10.8114 0.1231
1 28 2018/09/21 07:29:20.00 30 HD042995 10.8410 69.6580 0.5218 0.4881 0.4136 0.4255 0.1251
1 28 2018/09/21 07:29:20.00 30 HD041116 13.2510 70.5960 -1.0499 4.5842 -1.1434 4.5782 0.0937
1 28 2018/09/21 07:31:20.00 30 HD044478 9.7500 68.7690 2.0208 -1.3576 1.9551 -1.2920 0.0929
1 28 2018/09/21 07:31:20.00 30 HD048329 7.7060 63.6520 10.7188 -4.7293 10.8030 -4.6566 0.1113
1 28 2018/09/21 07:31:20.00 30 HD037202 17.2610 76.4370 -10.6504 11.5930 -10.7300 11.5301 0.1015
1 28 2018/09/21 07:31:20.00 30 HD042995 11.2030 69.9500 0.0327 1.1017 -0.0621 1.1208 0.0967
1 28 2018/09/21 07:31:20.00 30 HD041116 13.6160 70.8830 -1.5259 5.2058 -1.6108 5.3461 0.1640
1 28 2018/09/21 07:33:20.00 30 HD044478 10.1100 69.0620 1.5252 -0.7495 1.4207 -0.7074 0.1127
1 28 2018/09/21 07:33:20.00 30 HD048329 8.0510 63.9460 10.2037 -4.1482 10.1997 -4.1536 0.0067
1 28 2018/09/21 07:33:20.00 30 HD037202 17.6370 76.7260 -11.1173 12.2612 -11.0933 11.8306 0.4312
1 28 2018/09/21 07:33:20.00 30 HD042995 11.5660 70.2410 -0.4544 1.7172 -0.5554 1.7437 0.1044
1 28 2018/09/21 07:33:20.00 30 HD041116 13.9810 71.1700 -2.0003 5.8297 -2.1013 5.8733 0.1100
1 28 2018/09/21 07:35:20.00 30 HD044478 10.4700 69.3550 1.0319 -0.1397 0.8851 -0.1304 0.1471
1 28 2018/09/21 07:35:20.00 30 HD048329 8.3970 64.2390 9.6915 -3.5657 9.5818 -3.6070 0.1172
1 28 2018/09/21 07:35:20.00 30 HD042995 11.9290 70.5320 -0.9396 2.3346 -1.0237 2.4055 0.1100
1 28 2018/09/21 07:35:20.00 30 HD041116 14.3480 71.4560 -2.4729 6.4559 -2.5535 6.6008 0.1658
1 28 2018/09/21 07:37:20.00 30 HD047105 4.3650 72.2370 -3.8265 -10.5718 -3.9023 -10.6004 0.0810
1 28 2018/09/21 07:37:20.00 30 HD044478 10.8310 69.6470 0.5406 0.4719 0.3415 0.5704 0.2221
1 28 2018/09/21 07:37:20.00 30 HD048329 8.7430 64.5320 9.1823 -2.9818 9.2572 -3.0153 0.0821
1 28 2018/09/21 07:37:20.00 30 HD042995 12.2940 70.8220 -1.4229 2.9541 -1.6035 3.0744 0.2171
1 28 2018/09/21 07:37:20.00 30 HD041116 14.7150 71.7420 -2.9438 7.0846 -2.9542 7.0806 0.0111
1 28 2018/09/21 07:39:20.00 30 HD047105 4.7260 72.5460 -4.3505 -9.9508 -4.4871 -9.9226 0.1395
1 28 2018/09/21 07:39:20.00 30 HD044478 11.1930 69.9390 0.0515 1.0854 -0.0694 1.1930 0.1619
1 28 2018/09/21 07:39:20.00 30 HD048329 9.0910 64.8240 8.6759 -2.3965 8.7916 -2.3662 0.1196
1 28 2018/09/21 07:39:20.00 30 HD042995 12.6590 71.1120 -1.9043 3.5756 -2.0164 3.6265 0.1231
1 28 2018/09/21 07:39:20.00 30 HD041116 15.0820 72.0270 -3.4132 7.7157 -3.4792 7.8573 0.1562
1 28 2018/09/21 07:41:20.00 30 HD047105 5.0890 72.8540 -4.8725 -9.3275 -5.0030 -9.3516 0.1327
1 28 2018/09/21 07:41:20.00 30 HD044478 11.5560 70.2300 -0.4357 1.7008 -0.5115 1.7478 0.0892
1 28 2018/09/21 07:41:20.00 30 HD048329 9.4400 65.1150 8.1724 -1.8097 8.2483 -1.7873 0.0792
1 28 2018/09/21 07:41:20.00 30 HD042995 13.0250 71.4010 -2.3840 4.1994 -2.4666 4.2164 0.0843
1 28 2018/09/21 07:41:20.00 30 HD045542 9.0510 71.1880 -2.0332 -2.5605 -2.0631 -2.6177 0.0645
1 28 2018/09/21 07:41:20.00 30 HD041116 15.4500 72.3130 -3.8810 8.3494 -3.8739 8.3339 0.0170
1 28 2018/09/21 07:43:20.00 30 HD047105 5.4530 73.1610 -5.3926 -8.7020 -5.5013 -8.7539 0.1205
1 28 2018/09/21 07:43:20.00 30 HD044478 11.9200 70.5210 -0.9209 2.3182 -1.0798 2.3952 0.1766
1 28 2018/09/21 07:43:20.00 30 HD048329 9.7900 65.4050 7.6716 -1.2215 7.6727 -1.2339 0.0125
1 28 2018/09/21 07:43:20.00 30 HD042995 13.3910 71.6900 -2.8620 4.8253 -2.9160 4.9086 0.0992
1 28 2018/09/21 07:43:20.00 30 HD045542 9.4160 71.4850 -2.5324 -1.9399 -2.4052 -1.6013 0.3616
1 28 2018/09/21 07:43:20.00 30 HD041116 15.8190 72.5980 -4.3473 8.9857 -4.4376 9.0227 0.0976
1 28 2018/09/21 07:45:20.00 30 HD047105 5.8180 73.4680 -5.9108 -8.0744 -5.9734 -8.0359 0.0735
1 28 2018/09/21 07:45:20.00 30 HD044478 12.2840 70.8110 -1.4043 2.9376 -1.4986 2.9612 0.0972
1 28 2018/09/21 07:45:20.00 30 HD048329 10.1410 65.6940 7.1734 -0.6317 7.1133 -0.6019 0.0671
1 28 2018/09/21 07:45:20.00 30 HD042995 13.7590 71.9780 -3.3383 5.4536 -3.5001 5.5644 0.1961
1 28 2018/09/21 07:45:20.00 30 HD045542 9.7820 71.7820 -3.0296 -1.3173 -3.1267 -1.3501 0.1025
1 28 2018/09/21 07:47:20.00 30 HD047105 6.1840 73.7740 -6.4271 -7.4447 -6.5382 -7.4867 0.1187
1 28 2018/09/21 07:47:20.00 30 HD044478 12.6490 71.1000 -1.8858 3.5591 -2.0322 3.7060 0.2074
1 28 2018/09/21 07:47:20.00 30 HD048329 10.4920 65.9830 6.6779 -0.0403 6.6827 0.0395 0.0799
1 28 2018/09/21 07:47:20.00 30 HD042995 14.1260 72.2660 -3.8130 6.0842 -3.9504 6.1970 0.1778
1 28 2018/09/21 07:47:20.00 30 HD045542 10.1480 72.0790 -3.5250 -0.6930 -3.6645 -0.7307 0.1445
1 28 2018/09/21 07:49:20.00 30 HD047105 6.5520 74.0800 -6.9418 -6.8131 -7.0401 -6.7709 0.1070
1 28 2018/09/21 07:49:20.00 30 HD044478 13.0150 71.3900 -2.3655 4.1827 -2.4694 4.2685 0.1347
1 28 2018/09/21 07:49:20.00 30 HD048329 10.8450 66.2710 6.1849 0.5528 6.1815 0.6366 0.0839
1 28 2018/09/21 07:49:20.00 30 HD042995 14.4950 72.5540 -4.2861 6.7173 -4.4291 6.8463 0.1925
1 28 2018/09/21 07:49:20.00 30 HD045542 10.5150 72.3750 -4.0187 -0.0667 -3.9814 -0.0274 0.0541
1 28 2018/09/21 07:51:20.00 30 HD047105 6.9200 74.3850 -7.4547 -6.1795 -7.6207 -6.1983 0.1671
1 28 2018/09/21 07:51:20.00 30 HD044478 13.3820 71.6780 -2.8435 4.8086 -2.9667 4.8939 0.1498
1 28 2018/09/21 07:51:20.00 30 HD048329 11.1990 66.5590 5.6945 1.1475 5.6045 1.2497 0.1362
1 28 2018/09/21 07:51:20.00 30 HD042995 14.8640 72.8410 -4.7578 7.3529 -4.9289 7.4040 0.1786
1 28 2018/09/21 07:51:20.00 30 HD045542 10.8830 72.6710 -4.5107 0.5616 -4.6923 0.5154 0.1874
1 28 2018/09/21 07:53:20.00 30 HD047105 7.2890 74.6900 -7.9661 -5.5439 -8.0991 -5.5203 0.1351
1 28 2018/09/21 07:53:20.00 30 HD044478 13.7490 71.9670 -3.3199 5.4368 -3.4211 5.5193 0.1306
1 28 2018/09/21 07:53:20.00 30 HD048329 11.5530 66.8460 5.2065 1.7440 5.1337 1.7819 0.0820
1 28 2018/09/21 07:53:20.00 30 HD042995 15.2340 73.1280 -5.2280 7.9910 -5.3327 7.9919 0.1047
1 28 2018/09/21 07:53:20.00 30 HD045542 11.2520 72.9660 -5.0009 1.1920 -5.1274 1.2825 0.1555
1 28 2018/09/21 07:55:21.00 30 HD047105 7.6630 74.9970 -8.4801 -4.9011 -8.5495 -4.9924 0.1146
1 28 2018/09/21 07:55:21.00 30 HD044478 14.1200 72.2570 -3.7986 6.0726 -3.9116 6.0862 0.1138
1 28 2018/09/21 07:55:21.00 30 HD048329 11.9110 67.1340 4.7168 2.3472 4.6171 2.4561 0.1477
1 28 2018/09/21 07:55:21.00 30 HD042995 15.6070 73.4180 -5.7007 8.6372 -5.7291 8.6572 0.0348
1 28 2018/09/21 07:55:21.00 30 HD045542 11.6240 73.2630 -5.4937 1.8297 -5.5839 1.8706 0.0990
1 28 2018/09/21 07:57:21.00 30 HD047105 8.0340 75.3010 -8.9884 -4.2617 -9.1386 -4.3101 0.1578
1 28 2018/09/21 07:57:21.00 30 HD044478 14.4880 72.5450 -4.2717 6.7056 -4.3451 6.7990 0.1188
1 28 2018/09/21 07:57:21.00 30 HD048329 12.2680 67.4200 4.2335 2.9473 4.2131 3.0239 0.0792
1 28 2018/09/21 07:57:21.00 30 HD042995 15.9780 73.7040 -6.1681 9.2808 -6.2262 9.3082 0.0642
1 28 2018/09/21 07:57:21.00 30 HD045542 11.9940 73.5580 -5.9809 2.4643 -6.1164 2.5541 0.1626
1 28 2018/09/21 08:04:11.00 30 HD047105 9.3080 76.3370 -10.7148 -2.0616 -10.8723 -1.9928 0.1719
1 28 2018/09/21 08:04:11.00 30 HD044478 15.7520 73.5260 -5.8773 8.8877 -5.8664 8.9768 0.0897
1 28 2018/09/21 08:04:11.00 30 HD048329 13.4910 68.3910 2.5991 5.0124 2.5330 5.1533 0.1557
1 28 2018/09/21 08:04:11.00 30 HD042995 17.2510 74.6820 -7.7558 11.5016 -7.7586 11.4615 0.0401
1 28 2018/09/21 08:04:11.00 30 HD045542 13.2630 74.5620 -7.6346 4.6498 -7.6807 4.7282 0.0909
1 28 2018/09/21 08:06:11.00 30 HD047105 9.6830 76.6390 -11.2173 -1.4131 -11.4221 -1.3421 0.2167
1 28 2018/09/21 08:06:11.00 30 HD044478 16.1230 73.8120 -6.3443 9.5324 -6.3773 9.5371 0.0334
1 28 2018/09/21 08:06:11.00 30 HD048329 13.8500 68.6750 2.1255 5.6214 1.9811 5.6827 0.1568
1 28 2018/09/21 08:06:11.00 30 HD042995 17.6240 74.9670 -8.2179 12.1582 -8.1728 11.9298 0.2328
1 28 2018/09/21 08:06:11.00 30 HD045542 13.6360 74.8550 -8.1157 5.2948 -8.1065 5.5219 0.2273
1 28 2018/09/21 08:08:11.00 30 HD047105 10.0580 76.9410 -11.7187 -0.7624 -11.8253 -0.7144 0.1169
1 28 2018/09/21 08:08:11.00 30 HD044478 16.4950 74.0990 -6.8099 10.1799 -6.9347 10.2807 0.1605
1 28 2018/09/21 08:08:11.00 30 HD048329 14.2110 68.9570 1.6538 6.2326 1.4908 6.2853 0.1714
1 28 2018/09/21 08:08:11.00 30 HD045542 14.0090 75.1480 -8.5955 5.9424 -8.6407 6.0100 0.0814
1 28 2018/09/21 08:10:11.00 30 HD047105 10.4340 77.2430 -12.2189 -0.1094 -12.3177 -0.0790 0.1033
1 28 2018/09/21 08:10:11.00 30 HD044478 16.8680 74.3850 -7.2744 10.8304 -7.3646 10.9190 0.1265
1 28 2018/09/21 08:10:11.00 30 HD048329 14.5720 69.2390 1.1842 6.8460 1.0501 6.9750 0.1861
1 28 2018/09/21 08:10:11.00 30 HD045542 14.3830 75.4400 -9.0742 6.5926 -9.2221 6.6761 0.1698
1 28 2018/09/21 08:12:11.00 30 HD047105 10.8100 77.5450 -12.7182 0.5458 -12.7645 0.6157 0.0838
1 28 2018/09/21 08:12:11.00 30 HD044478 17.2410 74.6710 -7.7376 11.4839 -7.7238 11.4900 0.0152
1 28 2018/09/21 08:12:11.00 30 HD048329 14.9340 69.5210 0.7165 7.4617 0.6073 7.5525 0.1420
1 28 2018/09/21 08:12:11.00 30 HD045542 14.7570 75.7330 -9.5518 7.2454 -9.7723 7.1097 0.2590
1 28 2018/09/21 08:14:11.00 30 HD047105 11.1870 77.8470 -13.2165 1.2034 -13.2476 1.2736 0.0767
1 28 2018/09/21 08:14:11.00 30 HD044478 17.6140 74.9560 -8.1998 12.1404 -8.3278 11.8786 0.2914
1 28 2018/09/21 08:14:11.00 30 HD048329 15.2960 69.8020 0.2506 8.0798 0.1625 8.1715 0.1272
1 28 2018/09/21 08:14:11.00 30 HD052973 8.8650 70.5910 -1.0293 -2.8761 -1.0963 -3.0280 0.1660
1 28 2018/09/21 08:16:11.00 30 HD047105 11.5640 78.1480 -13.7139 1.8635 -13.4914 1.8278 0.2254
1 28 2018/09/21 08:16:11.00 30 HD044478 17.9880 75.2420 -8.6609 12.8002 -8.7144 12.1886 0.6139
1 28 2018/09/21 08:16:11.00 30 HD048329 15.6600 70.0830 -0.2134 8.7003 -0.3013 8.7919 0.1269
1 28 2018/09/21 08:16:11.00 30 HD056986 7.2380 67.4070 4.3551 -5.6168 4.3348 -5.6280 0.0232
1 28 2018/09/21 08:16:11.00 30 HD052973 9.2290 70.8880 -1.5295 -2.2587 -1.5569 -2.2002 0.0646
1 28 2018/09/21 08:18:11.00 30 HD047105 11.9420 78.4490 -14.2105 2.5261 -13.9407 2.5692 0.2732
1 28 2018/09/21 08:18:11.00 30 HD048329 16.0240 70.3630 -0.6757 9.3234 -0.7780 9.4128 0.1359
1 28 2018/09/21 08:18:11.00 30 HD056986 7.5930 67.7060 3.8434 -5.0163 3.7835 -5.1212 0.1208
1 28 2018/09/21 08:18:11.00 30 HD052973 9.5930 71.1850 -2.0276 -1.6395 -2.0740 -1.5744 0.0800
1 28 2018/09/21 08:20:11.00 30 HD048329 16.3880 70.6430 -1.1362 9.9491 -1.2015 9.9797 0.0721
1 28 2018/09/21 08:20:11.00 30 HD056986 7.9490 68.0040 3.3343 -4.4142 3.2531 -4.5044 0.1214
1 28 2018/09/21 08:20:11.00 30 HD052973 9.9580 71.4810 -2.5238 -1.0185 -2.6066 -1.1144 0.1267
1 28 2018/09/21 08:22:11.00 30 HD048329 16.7540 70.9230 -1.5951 10.5774 -1.6539 10.6038 0.0645
1 28 2018/09/21 08:22:11.00 30 HD056986 8.3050 68.3010 2.8276 -3.8105 2.7206 -3.8877 0.1319
1 28 2018/09/21 08:22:11.00 30 HD052973 10.3240 71.7770 -3.0182 -0.3956 -3.1430 -0.4112 0.1257
1 28 2018/09/21 08:24:12.00 30 HD048329 17.1230 71.2050 -2.0561 11.2137 -2.0628 11.1542 0.0599
1 28 2018/09/21 08:24:12.00 30 HD056986 8.6660 68.6000 2.3191 -3.2003 2.1279 -3.1266 0.2048
1 28 2018/09/21 08:24:12.00 30 HD052973 10.6930 72.0750 -3.5149 0.2345 -3.5654 0.2500 0.0528
1 28 2018/09/21 08:26:12.00 30 HD048329 17.4900 71.4840 -2.5118 11.8477 -2.5275 11.7889 0.0609
1 28 2018/09/21 08:26:12.00 30 HD056986 9.0240 68.8960 1.8171 -2.5934 1.7116 -2.5660 0.1091
1 28 2018/09/21 08:26:12.00 30 HD058207 11.6440 63.4720 10.8607 2.0144 10.7491 1.5712 0.4570
1 28 2018/09/21 08:26:12.00 30 HD052973 11.0610 72.3700 -4.0057 0.8613 -4.2099 0.9799 0.2362
1 28 2018/09/21 08:28:12.00 30 HD048329 17.8570 71.7620 -2.9659 12.4845 -3.0253 12.1152 0.3740
1 28 2018/09/21 08:28:12.00 30 HD056986 9.3840 69.1910 1.3174 -1.9849 1.3151 -2.0315 0.0467
1 28 2018/09/21 08:28:12.00 30 HD058207 11.9900 63.7540 10.3724 2.5935 10.3272 2.7207 0.1350
1 28 2018/09/21 08:28:12.00 30 HD052973 11.4290 72.6640 -4.4948 1.4901 -4.6344 1.4700 0.1410
1 28 2018/09/21 08:30:12.00 30 HD056986 9.7440 69.4860 0.8199 -1.3747 0.7049 -1.4615 0.1441
1 28 2018/09/21 08:30:12.00 30 HD056537 6.7400 74.0750 -6.9314 -6.4904 -7.1363 -6.6847 0.2824
1 28 2018/09/21 08:30:12.00 30 HD058207 12.3360 64.0350 9.8867 3.1742 9.7543 3.0172 0.2054
1 28 2018/09/21 08:30:12.00 30 HD052973 11.7970 72.9580 -4.9823 2.1211 -5.1443 2.1844 0.1739
1 28 2018/09/21 08:32:12.00 30 HD062509 9.4720 61.3770 14.5251 -1.6099 13.9460 -1.7527 0.5964
1 28 2018/09/21 08:32:12.00 30 HD056986 10.1060 69.7800 0.3246 -0.7628 0.1939 -0.7191 0.1378
1 28 2018/09/21 08:32:12.00 30 HD056537 7.1090 74.3800 -7.4434 -5.8566 -7.4109 -6.1823 0.3273
1 28 2018/09/21 08:32:12.00 30 HD058207 12.6840 64.3150 9.4037 3.7567 9.4184 3.6705 0.0875
1 28 2018/09/21 08:32:12.00 30 HD052973 12.1670 73.2520 -5.4683 2.7542 -5.4988 2.9233 0.1718
