1 26 2018/09/21 10:19:42.00 30 HD095418 16.8980 28.9380 14.8018 11.2332 14.0475 11.1125 0.7639
1 26 2018/09/21 10:19:42.00 30 HD096833 7.1510 35.9310 3.5633 -5.5827 3.5551 -5.6231 0.0411
1 26 2018/09/21 10:19:42.00 30 HD089758 10.8240 44.4010 -10.5262 0.6299 -10.5856 0.6264 0.0595
1 26 2018/09/21 10:19:42.00 30 HD089021 12.4900 44.0280 -9.8629 3.4359 -9.8683 3.4655 0.0301
1 26 2018/09/21 10:19:42.00 30 HD094334 7.9920 38.9540 -1.4879 -4.1969 -1.4963 -4.1463 0.0513
1 26 2018/09/21 10:19:42.00 30 HD092787 11.4380 38.2590 -0.3538 1.5994 -0.5528 1.4417 0.2540
1 26 2018/09/21 10:21:42.00 30 HD095418 17.0850 29.1520 14.4368 11.5385 13.8421 11.4493 0.6014
1 26 2018/09/21 10:21:42.00 30 HD096833 7.3770 36.2090 3.0945 -5.2062 3.0854 -5.2842 0.0785
1 26 2018/09/21 10:21:42.00 30 HD089758 11.0940 44.6650 -10.9602 1.0946 -10.9474 1.1141 0.0233
1 26 2018/09/21 10:21:42.00 30 HD089021 12.7590 44.2830 -10.2798 3.8989 -10.3731 3.9839 0.1262
1 26 2018/09/21 10:21:42.00 30 HD094334 8.2340 39.2290 -1.9465 -3.7900 -1.6953 -3.8549 0.2595
1 26 2018/09/21 10:21:42.00 30 HD092787 11.6770 38.5150 -0.7761 2.0008 -0.8355 1.9627 0.0705
1 26 2018/09/21 10:23:42.00 30 HD095418 17.2750 29.3650 14.0742 11.8464 13.6888 11.6075 0.4534
1 26 2018/09/21 10:23:42.00 30 HD096833 7.6040 36.4860 2.6282 -4.8268 2.6199 -4.8846 0.0583
1 26 2018/09/21 10:23:42.00 30 HD089758 11.3660 44.9290 -11.3920 1.5625 -11.3938 1.5697 0.0074
1 26 2018/09/21 10:23:42.00 30 HD089021 13.0300 44.5380 -10.6945 4.3650 -10.7147 4.3576 0.0215
1 26 2018/09/21 10:23:42.00 30 HD094334 8.4780 39.5030 -2.4026 -3.3803 -2.3983 -3.4239 0.0439
1 26 2018/09/21 10:23:42.00 30 HD092787 11.9190 38.7700 -1.1961 2.4050 -1.0330 2.2558 0.2210
1 26 2018/09/21 10:25:42.00 30 HD095418 17.4650 29.5780 13.7139 12.1569 13.2943 11.9782 0.4561
1 26 2018/09/21 10:25:42.00 30 HD096833 7.8330 36.7620 2.1647 -4.4447 2.1498 -4.4746 0.0334
1 26 2018/09/21 10:25:42.00 30 HD089758 11.6390 45.1910 -11.8215 2.0335 -11.7818 1.9821 0.0650
1 26 2018/09/21 10:25:42.00 30 HD089021 13.3010 44.7910 -11.1070 4.8343 -11.0891 4.7367 0.0992
1 26 2018/09/21 10:25:42.00 30 HD094334 8.7230 39.7760 -2.8561 -2.9677 -2.8505 -2.9006 0.0673
1 26 2018/09/21 10:25:42.00 30 HD092787 12.1610 39.0230 -1.6136 2.8120 -1.6260 2.9295 0.1181
1 26 2018/09/21 10:27:42.00 30 HD095418 17.6570 29.7890 13.3561 12.4699 13.0010 12.1210 0.4979
1 26 2018/09/21 10:27:42.00 30 HD096833 8.0640 37.0370 1.7038 -4.0598 1.6994 -4.0654 0.0071
1 26 2018/09/21 10:27:42.00 30 HD089758 11.9140 45.4520 -12.2488 2.5077 -12.2141 2.4764 0.0468
1 26 2018/09/21 10:27:42.00 30 HD089021 13.5740 45.0430 -11.5172 5.3068 -11.4899 5.2697 0.0460
1 26 2018/09/21 10:27:42.00 30 HD102224 6.7880 29.9980 13.5729 -6.0448 13.7100 -5.0903 0.9644
1 26 2018/09/21 10:27:42.00 30 HD094334 8.9700 40.0470 -3.3072 -2.5522 -3.3760 -2.6563 0.1248
1 26 2018/09/21 10:27:42.00 30 HD092787 12.4050 39.2750 -2.0286 3.2219 -2.0608 3.2159 0.0327
1 26 2018/09/21 10:29:42.00 30 HD095418 17.8500 29.9990 13.0007 12.7856 12.8567 12.1421 0.6594
1 26 2018/09/21 10:29:42.00 30 HD096833 8.2960 37.3110 1.2455 -3.6721 1.1444 -3.6993 0.1047
1 26 2018/09/21 10:29:42.00 30 HD089758 12.1890 45.7120 -12.6739 2.9851 -12.6069 2.8322 0.1669
1 26 2018/09/21 10:29:42.00 30 HD089021 13.8480 45.2940 -11.9253 5.7824 -11.9028 5.8047 0.0317
1 26 2018/09/21 10:29:42.00 30 HD102224 6.9800 30.2760 13.0905 -5.7275 13.1996 -5.6918 0.1147
1 26 2018/09/21 10:29:42.00 30 HD094334 9.2180 40.3180 -3.7558 -2.1338 -3.6202 -2.2125 0.1567
1 26 2018/09/21 10:29:42.00 30 HD092787 12.6500 39.5270 -2.4413 3.6346 -2.3604 3.5494 0.1175
1 26 2018/09/21 10:31:42.00 30 HD095418 18.0440 30.2080 12.6477 13.1038 12.6142 12.3344 0.7701
1 26 2018/09/21 10:31:42.00 30 HD096833 8.5300 37.5830 0.7898 -3.2816 0.7616 -3.3693 0.0921
1 26 2018/09/21 10:31:42.00 30 HD089758 12.4660 45.9700 -13.0969 3.4656 -13.1511 3.4735 0.0548
1 26 2018/09/21 10:31:42.00 30 HD089021 14.1230 45.5440 -12.3311 6.2612 -12.3021 6.2387 0.0367
1 26 2018/09/21 10:31:42.00 30 HD102224 7.1740 30.5530 12.6110 -5.4074 13.0813 -4.4375 1.0779
1 26 2018/09/21 10:31:42.00 30 HD094334 9.4680 40.5870 -4.2019 -1.7126 -4.2773 -1.7246 0.0764
1 26 2018/09/21 10:31:42.00 30 HD092787 12.8960 39.7770 -2.8516 4.0502 -2.9064 4.0076 0.0695
1 26 2018/09/21 10:33:42.00 30 HD095418 18.2390 30.4160 12.2971 13.4247 12.2533 12.4920 0.9338
1 26 2018/09/21 10:33:42.00 30 HD096833 8.7650 37.8540 0.3367 -2.8884 0.3081 -2.9344 0.0542
1 26 2018/09/21 10:33:42.00 30 HD089758 12.7450 46.2280 -13.5176 3.9493 -13.4218 3.8735 0.1222
1 26 2018/09/21 10:33:42.00 30 HD089021 14.4000 45.7930 -12.7348 6.7433 -12.7279 6.7912 0.0484
1 26 2018/09/21 10:33:42.00 30 HD102224 7.3700 30.8280 12.1344 -5.0847 12.0002 -5.2224 0.1922
1 26 2018/09/21 10:33:42.00 30 HD094334 9.7190 40.8560 -4.6456 -1.2885 -4.6768 -1.2960 0.0322
1 26 2018/09/21 10:33:42.00 30 HD092787 13.1440 40.0260 -3.2594 4.4687 -3.4203 4.3679 0.1898
1 26 2018/09/21 10:35:42.00 30 HD096833 9.0020 38.1250 -0.1139 -2.4923 -0.1161 -2.5491 0.0568
1 26 2018/09/21 10:35:42.00 30 HD089758 13.0240 46.4850 -13.9362 4.4364 -13.7002 4.2121 0.3256
1 26 2018/09/21 10:35:42.00 30 HD089021 14.6780 46.0410 -13.1363 7.2287 -13.0767 7.1922 0.0699
1 26 2018/09/21 10:35:42.00 30 HD102224 7.5670 31.1030 11.6607 -4.7594 11.5479 -4.6383 0.1654
1 26 2018/09/21 10:35:42.00 30 HD094334 9.9720 41.1230 -5.0868 -0.8615 -5.2062 -0.8339 0.1225
1 26 2018/09/21 10:35:42.00 30 HD092787 13.3930 40.2740 -3.6649 4.8901 -3.7900 4.9346 0.1327
1 26 2018/09/21 10:37:43.00 30 HD096833 9.2430 38.3960 -0.5656 -2.0901 -0.5913 -2.1582 0.0728
1 26 2018/09/21 10:37:43.00 30 HD089758 13.3070 46.7420 -14.3561 4.9307 -13.8980 4.8144 0.4726
1 26 2018/09/21 10:37:43.00 30 HD089021 14.9590 46.2900 -13.5390 7.7214 -13.5132 7.7193 0.0258
1 26 2018/09/21 10:37:43.00 30 HD102224 7.7680 31.3780 11.1858 -4.4286 11.0866 -4.4304 0.0992
1 26 2018/09/21 10:37:43.00 30 HD094334 10.2280 41.3910 -5.5293 -0.4279 -5.6099 -0.4366 0.0810
1 26 2018/09/21 10:37:43.00 30 HD092787 13.6460 40.5230 -4.0714 5.3180 -4.0344 5.3068 0.0387
1 26 2018/09/21 10:39:43.00 30 HD096833 9.4820 38.6640 -1.0111 -1.6884 -1.0997 -1.6799 0.0891
1 26 2018/09/21 10:39:43.00 30 HD089758 13.5900 46.9970 -14.7704 5.4243 -14.0963 5.3959 0.6747
1 26 2018/09/21 10:39:43.00 30 HD089021 15.2390 46.5350 -13.9361 8.2134 -13.5451 8.1616 0.3945
1 26 2018/09/21 10:39:43.00 30 HD102224 7.9690 31.6510 10.7177 -4.0978 10.7660 -4.1629 0.0811
1 26 2018/09/21 10:39:43.00 30 HD094334 10.4840 41.6560 -5.9658 0.0050 -6.0227 0.1233 0.1313
1 26 2018/09/21 10:39:43.00 30 HD092787 13.8980 40.7680 -4.4722 5.7453 -4.4221 5.6165 0.1382
1 26 2018/09/21 10:41:43.00 30 HD096833 9.7240 38.9310 -1.4540 -1.2839 -1.4297 -1.2812 0.0245
1 26 2018/09/21 10:41:43.00 30 HD089021 15.5200 46.7800 -14.3312 8.7087 -13.8097 8.5521 0.5445
1 26 2018/09/21 10:41:43.00 30 HD102224 8.1710 31.9220 10.2524 -3.7644 10.3124 -3.5978 0.1771
1 26 2018/09/21 10:41:43.00 30 HD094334 10.7410 41.9190 -6.3999 0.4408 -6.4604 0.3122 0.1421
1 26 2018/09/21 10:41:43.00 30 HD092787 14.1510 41.0130 -4.8706 6.1755 -4.9685 6.3046 0.1620
1 26 2018/09/21 10:43:43.00 30 HD096833 9.9670 39.1960 -1.8945 -0.8765 -1.8830 -0.8219 0.0558
1 26 2018/09/21 10:43:43.00 30 HD089021 15.8030 47.0230 -14.7241 9.2074 -13.8046 9.2385 0.9199
1 26 2018/09/21 10:43:43.00 30 HD102224 8.3750 32.1920 9.7899 -3.4283 9.7294 -3.3541 0.0957
1 26 2018/09/21 10:43:43.00 30 HD094334 10.9990 42.1820 -6.8316 0.8797 -6.7907 0.8940 0.0434
1 26 2018/09/21 10:43:43.00 30 HD092787 14.4050 41.2560 -5.2667 6.6087 -5.3892 6.7301 0.1724
1 26 2018/09/21 10:45:43.00 30 HD096833 10.2110 39.4610 -2.3325 -0.4663 -2.3150 -0.4776 0.0208
1 26 2018/09/21 10:45:43.00 30 HD102224 8.5810 32.4610 9.3302 -3.0896 9.3512 -3.1207 0.0376
1 26 2018/09/21 10:45:43.00 30 HD094334 11.2590 42.4430 -7.2609 1.3214 -7.3408 1.2754 0.0922
1 26 2018/09/21 10:47:43.00 30 HD096833 10.4570 39.7240 -2.7680 -0.0533 -2.8127 -0.0374 0.0474
1 26 2018/09/21 10:47:43.00 30 HD102224 8.7880 32.7290 8.8732 -2.7481 8.9660 -2.7079 0.1012
1 26 2018/09/21 10:47:43.00 30 HD094334 11.5200 42.7040 -7.6880 1.7662 -7.8257 1.7753 0.1380
1 26 2018/09/21 10:47:43.00 30 HD092787 14.9180 41.7400 -6.0520 7.4841 -6.1778 7.5616 0.1477
1 26 2018/09/21 10:49:43.00 30 HD096833 10.7040 39.9860 -3.2011 0.3626 -3.2650 0.3471 0.0658
1 26 2018/09/21 10:49:43.00 30 HD102224 8.9970 32.9970 8.4189 -2.4040 8.4242 -2.4609 0.0571
1 26 2018/09/21 10:49:43.00 30 HD094334 11.7830 42.9630 -8.1127 2.2140 -7.9989 1.9863 0.2546
1 26 2018/09/21 10:49:43.00 30 HD092787 15.1760 41.9800 -6.4412 7.9263 -6.3856 7.8782 0.0735
1 26 2018/09/21 10:51:43.00 30 HD096833 10.9520 40.2480 -3.6318 0.7814 -3.6024 0.7275 0.0613
1 26 2018/09/21 10:51:43.00 30 HD102224 9.2070 33.2620 7.9673 -2.0573 8.0344 -1.9777 0.1041
1 26 2018/09/21 10:51:43.00 30 HD094334 12.0460 43.2210 -8.5351 2.6648 -8.6992 2.5859 0.1821
1 26 2018/09/21 10:53:43.00 30 HD096833 11.2020 40.5080 -4.0600 1.2030 -4.0875 1.2383 0.0447
1 26 2018/09/21 10:53:43.00 30 HD102224 9.4190 33.5270 7.5184 -1.7079 7.6298 -1.7295 0.1135
1 26 2018/09/21 10:53:43.00 30 HD094334 12.3110 43.4780 -8.9552 3.1187 -8.9426 2.9778 0.1415
1 26 2018/09/21 10:55:43.00 30 HD103287 13.3970 28.9860 14.9245 5.2406 13.8960 5.2375 1.0285
1 26 2018/09/21 10:55:43.00 30 HD096833 11.4530 40.7660 -4.4859 1.6276 -4.4710 1.6078 0.0248
1 26 2018/09/21 10:55:43.00 30 HD102224 9.6330 33.7910 7.0721 -1.3558 7.0666 -1.3802 0.0251
1 26 2018/09/21 10:55:43.00 30 HD094334 12.5780 43.7340 -9.3731 3.5756 -9.3231 2.8610 0.7164
1 26 2018/09/21 10:57:43.00 30 HD103287 13.5850 29.2220 14.5180 5.5446 13.7216 5.4896 0.7983
1 26 2018/09/21 10:57:43.00 30 HD096833 11.7060 41.0240 -4.9093 2.0551 -4.9370 2.1008 0.0534
1 26 2018/09/21 10:57:43.00 30 HD102224 9.8480 34.0540 6.6286 -1.0010 6.6494 -1.0244 0.0313
1 26 2018/09/21 10:57:43.00 30 HD094334 12.8450 43.9880 -9.7887 4.0356 -10.0920 3.7499 0.4167
1 26 2018/09/21 10:59:43.00 30 HD103287 13.7750 29.4580 14.1140 5.8512 13.6635 5.7203 0.4692
1 26 2018/09/21 10:59:43.00 30 HD096833 11.9600 41.2810 -5.3304 2.4855 -5.3684 2.5498 0.0747
1 26 2018/09/21 10:59:43.00 30 HD102224 10.0640 34.3150 6.1876 -0.6435 6.1917 -0.6166 0.0272
1 26 2018/09/21 10:59:43.00 30 HD094334 13.1140 44.2420 -10.2020 4.4987 -10.0130 4.6598 0.2483
1 26 2018/09/21 11:01:43.00 30 HD103287 13.9650 29.6920 13.7126 6.1604 13.4554 6.0513 0.2794
1 26 2018/09/21 11:01:43.00 30 HD096833 12.2160 41.5360 -5.7492 2.9188 -5.7684 2.9543 0.0403
1 26 2018/09/21 11:01:43.00 30 HD102224 10.2820 34.5760 5.7493 -0.2833 5.7438 -0.2995 0.0171
1 26 2018/09/21 11:01:43.00 30 HD094334 13.3850 44.4950 -10.6131 4.9650 -10.5066 4.9951 0.1107
1 26 2018/09/21 11:03:43.00 30 HD103287 14.1580 29.9260 13.3138 6.4722 13.1559 6.3867 0.1795
1 26 2018/09/21 11:03:43.00 30 HD096833 12.4720 41.7910 -6.1655 3.3551 -6.2102 3.4201 0.0788
1 26 2018/09/21 11:03:43.00 30 HD102224 10.5020 34.8350 5.3136 0.0795 5.3265 0.0636 0.0205
1 26 2018/09/21 11:03:43.00 30 HD094334 13.6560 44.7460 -11.0220 5.4344 -11.0246 5.6705 0.2362
1 26 2018/09/21 11:05:44.00 30 HD103287 14.3530 30.1600 12.9141 6.7892 12.8217 6.7838 0.0926
1 26 2018/09/21 11:05:44.00 30 HD096833 12.7320 42.0460 -6.5831 3.7981 -6.6649 3.7984 0.0818
1 26 2018/09/21 11:05:44.00 30 HD102224 10.7240 35.0960 4.8768 0.4481 4.9291 0.4694 0.0564
1 26 2018/09/21 11:05:44.00 30 HD094334 13.9310 44.9980 -11.4321 5.9109 -11.5104 5.7635 0.1669
1 26 2018/09/21 11:07:44.00 30 HD103287 14.5480 30.3920 12.5203 7.1062 12.4121 7.1436 0.1145
1 26 2018/09/21 11:07:44.00 30 HD096833 12.9920 42.2980 -6.9948 4.2404 -7.0384 4.2521 0.0452
1 26 2018/09/21 11:07:44.00 30 HD102224 10.9470 35.3530 4.4463 0.8164 4.4446 0.7992 0.0173
1 26 2018/09/21 11:07:44.00 30 HD094334 14.2050 45.2480 -11.8365 6.3867 -11.5114 6.3001 0.3364
1 26 2018/09/21 11:09:44.00 30 HD103287 14.7440 30.6220 12.1290 7.4259 11.9994 7.4561 0.1331
1 26 2018/09/21 11:09:44.00 30 HD096833 13.2530 42.5490 -7.4042 4.6857 -7.5073 4.5913 0.1398
1 26 2018/09/21 11:09:44.00 30 HD102224 11.1710 35.6090 4.0183 1.1874 4.0740 1.2182 0.0637
1 26 2018/09/21 11:11:44.00 30 HD103287 14.9420 30.8520 11.7402 7.7481 11.6371 7.7330 0.1042
1 26 2018/09/21 11:11:44.00 30 HD096833 13.5140 42.7990 -7.8113 5.1340 -7.8552 5.1951 0.0752
1 26 2018/09/21 11:11:44.00 30 HD102224 11.3960 35.8640 3.5928 1.5612 3.6196 1.6034 0.0500
1 26 2018/09/21 11:13:44.00 30 HD103287 15.1410 31.0800 11.3539 8.0730 11.2671 8.0726 0.0868
1 26 2018/09/21 11:13:44.00 30 HD096833 13.7780 43.0480 -8.2161 5.5854 -8.2719 5.6043 0.0588
1 26 2018/09/21 11:13:44.00 30 HD102224 11.6230 36.1180 3.1699 1.9376 3.1808 1.9844 0.0481
1 26 2018/09/21 11:15:44.00 30 HD103287 15.3410 31.3080 10.9701 8.4005 10.9382 8.4053 0.0323
1 26 2018/09/21 11:15:44.00 30 HD096833 14.0420 43.2960 -8.6187 6.0399 -8.6645 6.0421 0.0459
1 26 2018/09/21 11:15:44.00 30 HD102224 11.8510 36.3710 2.7495 2.3168 2.7778 2.3177 0.0284
1 26 2018/09/21 11:17:44.00 30 HD103287 15.5430 31.5340 10.5887 8.7307 10.5095 8.7166 0.0805
1 26 2018/09/21 11:17:44.00 30 HD096833 14.3080 43.5430 -9.0190 6.4975 -9.0784 6.4859 0.0605
1 26 2018/09/21 11:17:44.00 30 HD102224 12.0810 36.6230 2.3316 2.6988 2.3426 2.7587 0.0609
1 26 2018/09/21 11:23:30.00 30 HD103287 16.1310 32.1810 9.5029 9.6974 9.5326 9.7466 0.0575
1 26 2018/09/21 11:23:30.00 30 HD096833 15.0810 44.2480 -10.1606 7.8343 -10.1000 7.8140 0.0639
1 26 2018/09/21 11:23:30.00 30 HD102224 12.7510 37.3430 1.1405 3.8155 1.2142 3.8280 0.0748
1 26 2018/09/21 11:25:30.00 30 HD103287 16.3380 32.4030 9.1311 10.0378 9.1507 10.0296 0.0213
1 26 2018/09/21 11:25:30.00 30 HD096833 15.3510 44.4900 -10.5522 8.3041 -10.4914 8.2097 0.1123
1 26 2018/09/21 11:25:30.00 30 HD102224 12.9860 37.5900 0.7322 4.2083 0.8745 4.2134 0.1424
1 26 2018/09/21 11:27:30.00 30 HD103287 16.5460 32.6250 8.7617 10.3809 8.7958 10.4256 0.0563
1 26 2018/09/21 11:27:30.00 30 HD096833 15.6230 44.7310 -10.9416 8.7770 -10.8597 8.7505 0.0861
1 26 2018/09/21 11:27:30.00 30 HD102224 13.2220 37.8370 0.3263 4.6038 0.3990 4.6860 0.1097
1 26 2018/09/21 11:29:30.00 30 HD103287 16.7550 32.8450 8.3947 10.7266 8.4277 10.6999 0.0425
1 26 2018/09/21 11:29:30.00 30 HD096833 15.8960 44.9710 -11.3288 9.2532 -11.2143 9.2184 0.1197
1 26 2018/09/21 11:29:30.00 30 HD102224 13.4600 38.0820 -0.0771 5.0021 -0.0060 5.0614 0.0926
1 26 2018/09/21 11:31:30.00 30 HD103287 16.9660 33.0640 8.0301 11.0750 8.0526 11.1114 0.0427
1 26 2018/09/21 11:31:30.00 30 HD096833 16.1700 45.2100 -11.7138 9.7327 -11.5861 9.7573 0.1301
1 26 2018/09/21 11:31:30.00 30 HD102224 13.6990 38.3260 -0.4782 5.4033 -0.3704 5.4535 0.1189
1 26 2018/09/21 11:33:30.00 30 HD103287 17.1770 33.2820 7.6680 11.4261 7.6902 11.4677 0.0471
1 26 2018/09/21 11:33:30.00 30 HD096833 16.4450 45.4480 -12.0966 10.2154 -11.9977 10.2234 0.0991
1 26 2018/09/21 11:33:30.00 30 HD102224 13.9390 38.5690 -0.8768 5.8073 -0.7753 5.8262 0.1032
1 26 2018/09/21 11:35:30.00 30 HD103287 17.3900 33.4990 7.3083 11.7799 7.3118 11.7500 0.0301
1 26 2018/09/21 11:35:30.00 30 HD096833 16.7210 45.6850 -12.4772 10.7015 -12.4197 10.6856 0.0597
1 26 2018/09/21 11:35:30.00 30 HD102224 14.1810 38.8110 -1.2730 6.2141 -1.1985 6.2802 0.0996
1 26 2018/09/21 11:37:31.00 30 HD103287 17.6060 33.7170 6.9479 12.1393 6.9615 11.9481 0.1917
1 26 2018/09/21 11:37:31.00 30 HD096833 17.0010 45.9230 -12.8588 11.1950 -12.7197 11.1759 0.1403
1 26 2018/09/21 11:37:31.00 30 HD102224 14.4260 39.0540 -1.6701 6.6273 -1.5875 6.6795 0.0977
1 26 2018/09/21 11:39:31.00 30 HD103287 17.8220 33.9310 6.5930 12.4985 6.6429 12.1478 0.3542
1 26 2018/09/21 11:39:31.00 30 HD096833 17.2800 46.1580 -13.2350 11.6877 -13.0297 11.4924 0.2834
1 26 2018/09/21 11:39:31.00 30 HD102224 14.6700 39.2940 -2.0616 7.0399 -1.9543 7.0552 0.1084
1 26 2018/09/21 11:41:31.00 30 HD103287 18.0390 34.1450 6.2405 12.8604 6.2925 12.3180 0.5449
1 26 2018/09/21 11:41:31.00 30 HD096833 17.5590 46.3910 -13.6091 12.1838 -13.2260 11.8121 0.5339
1 26 2018/09/21 11:41:31.00 30 HD102224 14.9160 39.5330 -2.4507 7.4554 -2.3840 7.5248 0.0963
1 26 2018/09/21 11:43:31.00 30 HD102224 15.1620 39.7700 -2.8374 7.8738 -2.7342 7.9447 0.1252
1 26 2018/09/21 11:45:31.00 30 HD102224 15.4100 40.0070 -3.2218 8.2952 -3.1393 8.3409 0.0943
1 26 2018/09/21 11:47:31.00 30 HD102224 15.6600 40.2420 -3.6038 8.7195 -3.4352 8.7791 0.1789
