1 27 2018/09/20 10:21:47.00 30 HD080493 15.1110 57.7180 -6.2057 9.0491 -6.1900 9.1317 0.0841
1 27 2018/09/20 10:21:47.00 30 HD080081 16.9180 56.0020 -3.3757 12.0842 -3.3775 11.9570 0.1272
1 27 2018/09/20 10:21:47.00 30 HD087696 8.4160 50.7940 5.1840 -2.2944 5.1666 -2.2335 0.0634
1 27 2018/09/20 10:21:47.00 30 HD082635 14.2370 54.3760 -0.7522 7.5036 -0.7956 7.6222 0.1263
1 27 2018/09/20 10:21:47.00 30 HD082741 16.1000 51.6500 3.6928 10.6776 3.8233 10.6628 0.1313
1 27 2018/09/20 10:23:47.00 30 HD080493 15.4390 57.9790 -6.6260 9.6148 -6.6203 9.6814 0.0669
1 27 2018/09/20 10:23:47.00 30 HD080081 17.2400 56.2530 -3.7790 12.6393 -3.7890 12.2120 0.4274
1 27 2018/09/20 10:23:47.00 30 HD090537 6.7570 47.1240 11.3908 -5.0406 11.0726 -5.2738 0.3945
1 27 2018/09/20 10:23:47.00 30 HD087696 8.7140 51.0750 4.7116 -1.7941 4.7544 -2.0109 0.2210
1 27 2018/09/20 10:23:47.00 30 HD082635 14.5510 54.6360 -1.1752 8.0384 -1.2398 8.1358 0.1168
1 27 2018/09/20 10:23:47.00 30 HD082741 16.4040 51.8980 3.2872 11.1922 3.4262 11.2673 0.1579
1 27 2018/09/20 10:25:48.00 30 HD080493 15.7700 58.2420 -7.0478 10.1883 -7.0119 10.2648 0.0845
1 27 2018/09/20 10:25:48.00 30 HD090537 7.0410 47.4120 10.8933 -4.5649 10.8345 -4.6225 0.0823
1 27 2018/09/20 10:25:48.00 30 HD087696 9.0170 51.3570 4.2382 -1.2872 4.2245 -1.1508 0.1372
1 27 2018/09/20 10:25:48.00 30 HD082635 14.8700 54.8970 -1.5994 8.5806 -1.6275 8.5370 0.0518
1 27 2018/09/20 10:25:48.00 30 HD082741 16.7110 52.1470 2.8808 11.7140 3.0772 11.7540 0.2004
1 27 2018/09/20 10:25:48.00 30 HD086146 14.2590 48.1860 9.3998 7.6385 9.4731 7.6092 0.0789
1 27 2018/09/20 10:27:48.00 30 HD080493 16.0990 58.5010 -7.4641 10.7602 -7.4444 10.7731 0.0235
1 27 2018/09/20 10:27:48.00 30 HD090537 7.3240 47.6970 10.4033 -4.0910 10.3721 -4.2212 0.1339
1 27 2018/09/20 10:27:48.00 30 HD087696 9.3180 51.6360 3.7715 -0.7823 3.8780 -0.6436 0.1748
1 27 2018/09/20 10:27:48.00 30 HD082635 15.1870 55.1550 -2.0178 9.1212 -1.9841 9.3319 0.2135
1 27 2018/09/20 10:31:48.00 30 HD089758 11.9360 45.4730 13.9951 3.8061 13.6606 3.7182 0.3458
1 27 2018/09/20 10:31:48.00 30 HD080493 16.7610 59.0180 -8.2906 11.9138 -8.2394 11.7677 0.1549
1 27 2018/09/20 10:31:48.00 30 HD089021 13.5960 45.0640 14.6138 6.6580 13.8924 6.6273 0.7221
1 27 2018/09/20 10:31:48.00 30 HD090537 7.8940 48.2640 9.4328 -3.1367 9.5809 -3.0069 0.1969
1 27 2018/09/20 10:31:48.00 30 HD087696 9.9240 52.1910 2.8465 0.2346 2.9229 0.3202 0.1146
1 27 2018/09/20 10:31:48.00 30 HD082635 15.8240 55.6690 -2.8476 10.2110 -2.8120 10.3751 0.1680
1 27 2018/09/20 10:33:48.00 30 HD089758 12.2120 45.7320 13.5480 4.2631 13.3898 4.2832 0.1594
1 27 2018/09/20 10:33:48.00 30 HD080493 17.0930 59.2750 -8.7010 12.4956 -8.6769 12.0666 0.4297
1 27 2018/09/20 10:33:48.00 30 HD089021 13.8700 45.3140 14.1823 7.1120 13.7552 7.1046 0.4271
1 27 2018/09/20 10:33:48.00 30 HD087696 10.2290 52.4670 2.3881 0.7466 2.2983 0.6537 0.1292
1 27 2018/09/20 10:33:48.00 30 HD082635 16.1440 55.9240 -3.2592 10.7603 -3.2204 10.9450 0.1886
1 27 2018/09/20 10:35:48.00 30 HD089758 12.4890 45.9910 13.1040 4.7224 13.0304 4.7320 0.0743
1 27 2018/09/20 10:35:48.00 30 HD089021 14.1460 45.5640 13.7538 7.5684 13.5987 7.4968 0.1708
1 27 2018/09/20 10:35:48.00 30 HD087696 10.5360 52.7410 1.9323 1.2610 2.0943 1.3551 0.1874
1 27 2018/09/20 10:35:48.00 30 HD082635 16.4650 56.1780 -3.6685 11.3127 -3.6650 11.4851 0.1724
1 27 2018/09/20 10:37:48.00 30 HD089758 12.7670 46.2490 12.6631 5.1839 12.6480 5.1920 0.0171
1 27 2018/09/20 10:37:48.00 30 HD089021 14.4220 45.8130 13.3283 8.0272 13.2123 8.0033 0.1183
1 27 2018/09/20 10:37:48.00 30 HD090537 8.7600 49.1050 8.0006 -1.6889 8.1142 -1.7024 0.1144
1 27 2018/09/20 10:37:48.00 30 HD087696 10.8430 53.0150 1.4792 1.7778 1.5330 1.7659 0.0551
1 27 2018/09/20 10:37:48.00 30 HD082635 16.7860 56.4320 -4.0757 11.8682 -4.0903 11.7476 0.1215
1 27 2018/09/20 10:39:48.00 30 HD089758 13.0470 46.5050 12.2251 5.6478 12.2117 5.6643 0.0213
1 27 2018/09/20 10:39:48.00 30 HD089021 14.7000 46.0610 12.9057 8.4884 12.8098 8.4495 0.1034
1 27 2018/09/20 10:39:48.00 30 HD090537 9.0520 49.3840 7.5293 -1.2020 7.5994 -1.3719 0.1838
1 27 2018/09/20 10:39:48.00 30 HD087696 11.1520 53.2870 1.0287 2.2970 1.0878 2.2637 0.0679
1 27 2018/09/20 10:39:48.00 30 HD090277 7.3790 51.8120 3.4933 -4.0497 2.9057 -3.5457 0.7741
1 27 2018/09/20 10:41:48.00 30 HD089758 13.3280 46.7600 11.7902 6.1140 11.7212 6.0054 0.1286
1 27 2018/09/20 10:41:48.00 30 HD089021 14.9790 46.3070 12.4861 8.9520 12.3696 8.8902 0.1318
1 27 2018/09/20 10:41:48.00 30 HD090537 9.3450 49.6610 7.0610 -0.7128 7.1861 -0.7094 0.1251
1 27 2018/09/20 10:41:48.00 30 HD087696 11.4620 53.5590 0.5807 2.8188 0.7194 2.7394 0.1598
1 27 2018/09/20 10:41:48.00 30 HD090277 7.6810 52.0990 3.0129 -3.5415 2.4325 -3.1652 0.6917
1 27 2018/09/20 10:41:48.00 30 HD086146 16.6010 50.1690 6.0995 11.5637 6.0944 11.3929 0.1709
1 27 2018/09/20 10:43:48.00 30 HD089758 13.6100 47.0150 11.3582 6.5825 11.2829 6.5662 0.0770
1 27 2018/09/20 10:43:48.00 30 HD089021 15.2590 46.5530 12.0693 9.4180 11.9141 9.3894 0.1578
1 27 2018/09/20 10:43:48.00 30 HD090537 9.6390 49.9370 6.5957 -0.2214 6.6657 -0.1672 0.0885
1 27 2018/09/20 10:43:48.00 30 HD087696 11.7730 53.8300 0.1353 3.3430 0.0691 3.3682 0.0709
1 27 2018/09/20 10:43:48.00 30 HD090277 7.9850 52.3840 2.5353 -3.0311 2.3934 -2.9345 0.1716
1 27 2018/09/20 10:45:48.00 30 HD089758 13.8930 47.2680 10.9291 7.0535 10.8595 6.9965 0.0899
1 27 2018/09/20 10:45:48.00 30 HD089021 15.5410 46.7970 11.6555 9.8866 11.5001 9.8534 0.1589
1 27 2018/09/20 10:45:48.00 30 HD090537 9.9340 50.2120 6.1332 0.2723 6.0685 0.2606 0.0658
1 27 2018/09/20 10:45:48.00 30 HD087696 12.0850 54.0990 -0.3076 3.8698 -0.3113 3.9609 0.0911
1 27 2018/09/20 10:47:48.00 30 HD089758 14.1780 47.5200 10.5030 7.5268 10.4366 7.5450 0.0689
1 27 2018/09/20 10:47:48.00 30 HD089021 15.8230 47.0410 11.2445 10.3576 11.1020 10.2858 0.1596
1 27 2018/09/20 10:47:48.00 30 HD090537 10.2310 50.4850 5.6737 0.7683 5.7291 0.7150 0.0769
1 27 2018/09/20 10:47:48.00 30 HD087696 12.3980 54.3680 -0.7481 4.3992 -0.8072 4.3765 0.0633
1 27 2018/09/20 10:47:48.00 30 HD090277 8.5960 52.9510 1.5884 -2.0031 1.6344 -1.8550 0.1551
1 27 2018/09/20 10:49:48.00 30 HD089758 14.4640 47.7710 10.0797 8.0027 10.0151 8.0849 0.1045
1 27 2018/09/20 10:49:48.00 30 HD089021 16.1070 47.2830 10.8363 10.8312 10.8893 10.7658 0.0842
1 27 2018/09/20 10:49:48.00 30 HD090537 10.5290 50.7580 5.2169 1.2666 5.1468 1.3281 0.0933
1 27 2018/09/20 10:49:48.00 30 HD087696 12.7130 54.6350 -1.1861 4.9312 -1.1979 5.0904 0.1596
1 27 2018/09/20 10:49:48.00 30 HD090277 8.9030 53.2330 1.1191 -1.4856 1.0790 -1.4063 0.0889
1 27 2018/09/20 10:51:48.00 30 HD089758 14.7500 48.0210 9.6592 8.4809 9.6120 8.5593 0.0915
1 27 2018/09/20 10:51:48.00 30 HD089021 16.3920 47.5240 10.4310 11.3074 10.3216 11.3147 0.1096
1 27 2018/09/20 10:51:48.00 30 HD090537 10.8280 51.0300 4.7630 1.7672 4.8208 1.7322 0.0676
1 27 2018/09/20 10:51:48.00 30 HD087696 13.0280 54.9020 -1.6218 5.4659 -1.6034 5.5674 0.1032
1 27 2018/09/20 10:51:48.00 30 HD090277 9.2120 53.5140 0.6524 -0.9658 0.8336 -0.9869 0.1824
1 27 2018/09/20 10:51:48.00 30 HD091312 12.4990 47.4790 10.6212 4.6767 10.7989 4.7650 0.1984
1 27 2018/09/20 10:53:49.00 30 HD089758 15.0410 48.2720 9.2381 8.9657 9.1842 8.9493 0.0564
1 27 2018/09/20 10:53:49.00 30 HD089021 16.6800 47.7660 10.0250 11.7901 10.0167 11.7180 0.0727
1 27 2018/09/20 10:53:49.00 30 HD090537 11.1310 51.3030 4.3080 2.2744 4.4098 2.1832 0.1367
1 27 2018/09/20 10:53:49.00 30 HD087696 13.3480 55.1700 -2.0586 6.0077 -2.0683 5.9389 0.0695
1 27 2018/09/20 10:53:49.00 30 HD090277 9.5250 53.7960 0.1845 -0.4392 0.1564 -0.3698 0.0748
1 27 2018/09/20 10:53:49.00 30 HD091312 12.7870 47.7400 10.1786 5.1548 10.2874 5.1424 0.1096
1 27 2018/09/20 10:55:49.00 30 HD089758 15.3300 48.5200 8.8232 9.4491 8.8028 9.4346 0.0250
1 27 2018/09/20 10:55:49.00 30 HD089021 16.9670 48.0060 9.6252 12.2715 9.5790 12.0280 0.2479
1 27 2018/09/20 10:55:49.00 30 HD090537 11.4330 51.5720 3.8596 2.7798 3.9152 2.7759 0.0557
1 27 2018/09/20 10:55:49.00 30 HD087696 13.6650 55.4350 -2.4895 6.5479 -2.4988 6.5634 0.0181
1 27 2018/09/20 10:55:49.00 30 HD090277 9.8360 54.0750 -0.2769 0.0855 -0.3169 0.0926 0.0405
1 27 2018/09/20 10:55:49.00 30 HD091312 13.0730 47.9980 9.7425 5.6314 9.6613 5.7645 0.1559
1 27 2018/09/20 10:57:49.00 30 HD089758 15.6200 48.7670 8.4111 9.9350 8.3574 9.8925 0.0685
1 27 2018/09/20 10:57:49.00 30 HD089021 17.2550 48.2440 9.2281 12.7556 9.2842 12.1851 0.5732
1 27 2018/09/20 10:57:49.00 30 HD094264 6.2790 50.1700 6.2589 -5.8948 6.2289 -5.7625 0.1356
1 27 2018/09/20 10:57:49.00 30 HD090537 11.7360 51.8410 3.4139 3.2876 3.4891 3.3811 0.1201
1 27 2018/09/20 10:57:49.00 30 HD087696 13.9840 55.6980 -2.9181 7.0908 -2.8570 7.2266 0.1490
1 27 2018/09/20 10:57:49.00 30 HD090277 10.1490 54.3530 -0.7358 0.6127 -0.9503 0.7389 0.2489
1 27 2018/09/20 10:57:49.00 30 HD091312 13.3610 48.2550 9.3094 6.1104 9.2971 6.2325 0.1227
1 27 2018/09/20 10:59:49.00 30 HD089758 15.9120 49.0130 8.0017 10.4235 7.9140 10.3504 0.1142
1 27 2018/09/20 10:59:49.00 30 HD094264 6.5740 50.4610 5.7668 -5.3995 5.8462 -5.2471 0.1718
1 27 2018/09/20 10:59:49.00 30 HD090537 12.0400 52.1080 2.9708 3.7978 3.0311 3.8950 0.1144
1 27 2018/09/20 10:59:49.00 30 HD087696 14.3040 55.9610 -3.3445 7.6365 -3.1825 7.7593 0.2032
1 27 2018/09/20 10:59:49.00 30 HD090277 10.4630 54.6300 -1.1922 1.1423 -1.4510 0.9510 0.3218
1 27 2018/09/20 11:01:49.00 30 HD089758 16.2040 49.2570 7.5950 10.9146 7.5868 10.8718 0.0437
1 27 2018/09/20 11:01:49.00 30 HD094264 6.8700 50.7500 5.2779 -4.9019 5.3870 -4.8261 0.1329
1 27 2018/09/20 11:01:49.00 30 HD090537 12.3450 52.3750 2.5303 4.3106 2.5612 4.3464 0.0473
1 27 2018/09/20 11:01:49.00 30 HD087696 14.6250 56.2230 -3.7685 8.1852 -3.7826 8.2280 0.0451
1 27 2018/09/20 11:01:49.00 30 HD090277 10.7780 54.9060 -1.6461 1.6744 -1.5380 1.7626 0.1395
1 27 2018/09/20 11:01:49.00 30 HD091312 13.9400 48.7660 8.4515 7.0757 8.4709 6.9996 0.0784
1 27 2018/09/20 11:03:49.00 30 HD089758 16.4980 49.5010 7.1910 11.4084 7.1582 11.3846 0.0405
1 27 2018/09/20 11:03:49.00 30 HD094264 7.1670 51.0370 4.7919 -4.4021 4.9054 -4.3689 0.1183
1 27 2018/09/20 11:03:49.00 30 HD090537 12.6520 52.6400 2.0924 4.8259 2.1504 4.8975 0.0921
1 27 2018/09/20 11:03:49.00 30 HD087696 14.9470 56.4840 -4.1904 8.7367 -4.1697 8.8227 0.0885
1 27 2018/09/20 11:03:49.00 30 HD090277 11.0940 55.1810 -2.0975 2.2090 -2.1882 2.1912 0.0924
1 27 2018/09/20 11:03:49.00 30 HD091312 14.2310 49.0190 8.0268 7.5620 8.0505 7.6049 0.0490
1 27 2018/09/20 11:05:49.00 30 HD089758 16.7930 49.7430 6.7896 11.9049 6.7617 11.7977 0.1108
1 27 2018/09/20 11:05:49.00 30 HD094264 7.4660 51.3240 4.3088 -3.9000 4.3831 -3.9180 0.0764
1 27 2018/09/20 11:05:49.00 30 HD090537 12.9590 52.9050 1.6571 5.3437 1.6615 5.4164 0.0729
1 27 2018/09/20 11:05:49.00 30 HD087696 15.2700 56.7440 -4.6101 9.2912 -4.4919 9.2794 0.1188
1 27 2018/09/20 11:05:49.00 30 HD090277 11.4110 55.4540 -2.5465 2.7463 -2.3223 2.7309 0.2247
1 27 2018/09/20 11:05:49.00 30 HD091312 14.5240 49.2720 7.6049 8.0508 7.6160 8.1822 0.1319
1 27 2018/09/20 11:07:49.00 30 HD089758 17.0890 49.9850 6.3909 12.4041 6.3622 12.1185 0.2871
1 27 2018/09/20 11:07:49.00 30 HD094264 7.7660 51.6100 3.8287 -3.3956 3.8803 -3.4870 0.1049
1 27 2018/09/20 11:07:49.00 30 HD090537 13.2680 53.1680 1.2243 5.8641 1.3385 5.9462 0.1406
1 27 2018/09/20 11:07:49.00 30 HD087696 15.5940 57.0030 -5.0276 9.8487 -5.0375 9.8489 0.0099
1 27 2018/09/20 11:07:49.00 30 HD090277 11.7300 55.7270 -2.9932 3.2861 -2.9454 3.2922 0.0482
1 27 2018/09/20 11:07:49.00 30 HD091312 14.8170 49.5240 7.1857 8.5422 7.2724 8.6306 0.1238
1 27 2018/09/20 11:09:49.00 30 HD089758 17.3860 50.2260 5.9947 12.9061 6.0547 12.3478 0.5615
1 27 2018/09/20 11:09:49.00 30 HD094264 8.0680 51.8940 3.3514 -2.8889 3.4390 -2.8980 0.0880
1 27 2018/09/20 11:09:49.00 30 HD090537 13.5780 53.4310 0.7941 6.3872 0.7923 6.4689 0.0817
1 27 2018/09/20 11:09:49.00 30 HD087696 15.9190 57.2620 -5.4430 10.4092 -5.3534 10.4837 0.1165
1 27 2018/09/20 11:09:49.00 30 HD090277 12.0490 55.9990 -3.4375 3.8286 -3.4358 3.8599 0.0313
1 27 2018/09/20 11:09:49.00 30 HD091312 15.1120 49.7740 6.7691 9.0361 6.7284 9.0438 0.0415
1 27 2018/09/20 11:11:49.00 30 HD094264 8.3710 52.1780 2.8770 -2.3800 3.0578 -2.3922 0.1812
1 27 2018/09/20 11:11:49.00 30 HD090537 13.8890 53.6920 0.3662 6.9129 0.3757 6.9990 0.0866
1 27 2018/09/20 11:11:49.00 30 HD087696 16.2440 57.5190 -5.8563 10.9729 -5.8150 10.9283 0.0608
1 27 2018/09/20 11:11:49.00 30 HD090277 12.3700 56.2700 -3.8795 4.3738 -4.1464 4.5588 0.3247
1 27 2018/09/20 11:11:49.00 30 HD091312 15.4080 50.0240 6.3553 9.5326 6.3409 9.5817 0.0511
1 27 2018/09/20 11:13:49.00 30 HD094264 8.6750 52.4600 2.4053 -1.8687 2.4996 -1.9318 0.1134
1 27 2018/09/20 11:13:49.00 30 HD090537 14.2010 53.9520 -0.0592 7.4413 0.0387 7.5878 0.1762
1 27 2018/09/20 11:13:49.00 30 HD087696 16.5710 57.7760 -6.2675 11.5397 -6.1233 11.6111 0.1609
1 27 2018/09/20 11:13:49.00 30 HD090277 12.6920 56.5400 -4.3192 4.9218 -4.6884 5.2155 0.4718
1 27 2018/09/20 11:13:49.00 30 HD091312 15.7050 50.2730 5.9441 10.0318 6.0103 10.1131 0.1048
1 27 2018/09/20 11:15:49.00 30 HD094264 8.9810 52.7410 1.9364 -1.3550 1.9841 -1.3482 0.0482
1 27 2018/09/20 11:15:49.00 30 HD090537 14.5140 54.2120 -0.4821 7.9724 -0.4635 8.0848 0.1139
1 27 2018/09/20 11:15:49.00 30 HD090277 13.0150 56.8090 -4.7567 5.4724 -4.8765 5.4756 0.1199
1 27 2018/09/20 11:15:49.00 30 HD091312 16.0030 50.5200 5.5356 10.5336 5.6036 10.5557 0.0716
1 27 2018/09/20 11:17:49.00 30 HD094264 9.2880 53.0220 1.4702 -0.8390 1.5533 -0.9344 0.1264
1 27 2018/09/20 11:17:49.00 30 HD090537 14.8280 54.4700 -0.9028 8.5064 -0.7977 8.5650 0.1203
1 27 2018/09/20 11:17:49.00 30 HD090277 13.3380 57.0780 -5.1920 6.0259 -5.3148 6.1823 0.1988
1 27 2018/09/20 11:17:49.00 30 HD091312 16.3020 50.7670 5.1296 11.0382 5.2118 11.1146 0.1122
1 27 2018/09/20 11:19:50.00 30 HD094264 9.5980 53.3030 1.0028 -0.3164 1.0111 -0.3416 0.0266
1 27 2018/09/20 11:19:50.00 30 HD090537 15.1460 54.7300 -1.3245 9.0476 -1.3268 9.0786 0.0310
1 27 2018/09/20 11:19:50.00 30 HD092125 10.4490 57.0490 -5.1984 1.1502 -5.1617 0.9670 0.1868
1 27 2018/09/20 11:19:50.00 30 HD090277 13.6660 57.3470 -5.6287 6.5870 -5.5575 6.6235 0.0800
1 27 2018/09/20 11:19:50.00 30 HD091312 16.6050 51.0140 4.7229 11.5497 4.8169 11.5712 0.0965
1 27 2018/09/20 11:25:46.00 30 HD098262 5.9400 51.4030 4.1921 -6.4772 4.2322 -6.4978 0.0450
1 27 2018/09/20 11:25:46.00 30 HD094264 10.5200 54.1250 -0.3569 1.2357 -0.3534 1.3688 0.1332
1 27 2018/09/20 11:25:46.00 30 HD090537 16.0870 55.4890 -2.5517 10.6571 -2.4215 10.6684 0.1307
1 27 2018/09/20 11:25:46.00 30 HD094334 16.1690 46.9730 11.3456 10.9538 11.3715 10.9618 0.0271
1 27 2018/09/20 11:25:46.00 30 HD092125 11.4140 57.8720 -6.5431 2.7952 -6.5313 2.9473 0.1526
1 27 2018/09/20 11:25:46.00 30 HD090277 14.6360 58.1350 -6.9009 8.2548 -6.9872 8.2652 0.0869
1 27 2018/09/20 11:25:46.00 30 HD098353 9.3200 47.5940 10.5198 -0.7085 10.7611 -0.6631 0.2455
1 27 2018/09/20 11:25:46.00 30 HD095128 13.6260 48.4880 8.9176 6.5528 8.9386 6.4979 0.0588
1 27 2018/09/20 11:25:46.00 30 HD095310 12.6350 49.2590 7.6652 4.8506 7.8977 5.0098 0.2818
1 27 2018/09/20 11:27:46.00 30 HD098262 6.2390 51.6950 3.6988 -5.9727 3.6711 -6.1553 0.1847
1 27 2018/09/20 11:27:46.00 30 HD094264 10.8330 54.4000 -0.8102 1.7637 -0.8312 1.7006 0.0665
1 27 2018/09/20 11:27:46.00 30 HD090537 16.4070 55.7430 -2.9609 11.2055 -2.9723 11.1693 0.0380
1 27 2018/09/20 11:27:46.00 30 HD094334 16.4530 47.2130 10.9407 11.4274 10.7202 11.3625 0.2299
1 27 2018/09/20 11:27:46.00 30 HD092125 11.7410 58.1470 -6.9921 3.3551 -7.0235 3.2708 0.0900
1 27 2018/09/20 11:27:46.00 30 HD090277 14.9650 58.3990 -7.3257 8.8230 -7.3896 8.8114 0.0649
1 27 2018/09/20 11:27:46.00 30 HD098230 5.2220 52.8800 1.7132 -7.6959 1.8008 -7.8538 0.1806
1 27 2018/09/20 11:27:46.00 30 HD098353 9.6050 47.8690 10.0514 -0.2338 10.1138 -0.2721 0.0731
1 27 2018/09/20 11:27:46.00 30 HD095128 13.9160 48.7430 8.4898 7.0364 8.4836 7.0400 0.0072
1 27 2018/09/20 11:27:46.00 30 HD095310 12.9280 49.5190 7.2289 5.3399 7.2286 5.1676 0.1723
1 27 2018/09/20 11:29:46.00 30 HD098262 6.5400 51.9860 3.2084 -5.4658 3.2180 -5.4474 0.0208
1 27 2018/09/20 11:29:46.00 30 HD094264 11.1470 54.6740 -1.2610 2.2943 -1.2928 2.3079 0.0346
1 27 2018/09/20 11:29:46.00 30 HD090537 16.7270 55.9960 -3.3679 11.7570 -3.3366 11.7105 0.0560
1 27 2018/09/20 11:29:46.00 30 HD098231 5.5260 53.1770 1.2148 -7.1810 1.1437 -7.3249 0.1606
1 27 2018/09/20 11:29:46.00 30 HD094334 16.7370 47.4530 10.5386 11.9034 10.2284 11.8976 0.3102
1 27 2018/09/20 11:29:46.00 30 HD092125 12.0690 58.4220 -7.4389 3.9178 -7.3706 3.9121 0.0685
1 27 2018/09/20 11:29:46.00 30 HD090277 15.2950 58.6620 -7.7484 9.3943 -8.1557 9.9960 0.7265
1 27 2018/09/20 11:29:46.00 30 HD095128 14.2070 48.9970 8.0649 7.5225 8.0433 7.6752 0.1542
1 27 2018/09/20 11:29:46.00 30 HD095310 13.2230 49.7790 6.7955 5.8317 6.5088 5.9200 0.2999
1 27 2018/09/20 11:31:46.00 30 HD098262 6.8420 52.2760 2.7209 -4.9566 2.7592 -5.0401 0.0919
1 27 2018/09/20 11:31:46.00 30 HD094264 11.4630 54.9470 -1.7093 2.8275 -1.7475 2.7237 0.1105
1 27 2018/09/20 11:31:46.00 30 HD090537 17.0480 56.2480 -3.7727 12.3115 -3.7571 12.0386 0.2734
1 27 2018/09/20 11:31:46.00 30 HD098231 5.8320 53.4720 0.7198 -6.6635 0.6792 -6.9210 0.2607
1 27 2018/09/20 11:31:46.00 30 HD094334 17.0230 47.6910 10.1392 12.3822 9.9343 11.9469 0.4811
1 27 2018/09/20 11:31:46.00 30 HD092125 12.3990 58.6960 -7.8837 4.4833 -8.0059 4.3278 0.1978
1 27 2018/09/20 11:31:46.00 30 HD090277 15.6250 58.9240 -8.1691 9.9687 -8.1431 10.0384 0.0744
1 27 2018/09/20 11:31:46.00 30 HD098353 10.1790 48.4140 9.1238 0.7223 8.2054 0.7881 0.9208
1 27 2018/09/20 11:31:46.00 30 HD095128 14.5000 49.2490 7.6427 8.0111 7.4811 8.1003 0.1847
1 27 2018/09/20 11:31:46.00 30 HD095310 13.5180 50.0370 6.3648 6.3260 6.2488 6.2689 0.1292
1 27 2018/09/20 11:33:46.00 30 HD098262 7.1460 52.5650 2.2363 -4.4450 2.2658 -4.5359 0.0956
1 27 2018/09/20 11:33:46.00 30 HD094264 11.7790 55.2200 -2.1553 3.3632 -2.2542 3.4573 0.1365
1 27 2018/09/20 11:33:46.00 30 HD092125 12.7290 58.9690 -8.3263 5.0517 -8.2897 4.9523 0.1060
1 27 2018/09/20 11:33:46.00 30 HD090277 15.9570 59.1850 -8.5879 10.5463 -8.6271 10.6365 0.0983
1 27 2018/09/20 11:33:46.00 30 HD098353 10.4680 48.6850 8.6645 1.2036 8.6180 1.0707 0.1408
1 27 2018/09/20 11:33:46.00 30 HD094600 10.9440 55.4420 -2.5304 1.9597 -2.4846 1.9298 0.0547
1 27 2018/09/20 11:33:46.00 30 HD095128 14.7930 49.5010 7.2233 8.5022 7.2565 8.4594 0.0542
1 27 2018/09/20 11:33:46.00 30 HD095310 13.8150 50.2950 5.9368 6.8228 5.9398 6.8529 0.0303
1 27 2018/09/20 11:35:46.00 30 HD098262 7.4510 52.8530 1.7545 -3.9311 1.6739 -4.0190 0.1193
1 27 2018/09/20 11:35:46.00 30 HD094264 12.0970 55.4910 -2.5988 3.9015 -2.6633 3.8927 0.0651
1 27 2018/09/20 11:35:46.00 30 HD098231 6.4480 54.0580 -0.2619 -5.6209 -0.3221 -5.7517 0.1440
1 27 2018/09/20 11:35:46.00 30 HD092125 13.0610 59.2410 -8.7670 5.6231 -8.7869 5.6550 0.0377
1 27 2018/09/20 11:35:46.00 30 HD090277 16.2900 59.4460 -9.0047 11.1272 -8.8495 11.2932 0.2272
1 27 2018/09/20 11:35:46.00 30 HD098353 10.7580 48.9550 8.2082 1.6873 8.3524 1.6674 0.1456
1 27 2018/09/20 11:35:46.00 30 HD095128 15.0880 49.7520 6.8066 8.9959 6.8526 8.9854 0.0472
1 27 2018/09/20 11:35:46.00 30 HD095310 14.1130 50.5510 5.5115 7.3220 5.5995 7.5821 0.2746
1 27 2018/09/20 11:37:46.00 30 HD096833 16.4900 45.4870 13.7888 11.5937 13.2239 11.4819 0.5758
1 27 2018/09/20 11:37:46.00 30 HD098262 7.7570 53.1400 1.2755 -3.4148 1.2743 -3.4391 0.0243
1 27 2018/09/20 11:37:46.00 30 HD094264 12.4160 55.7610 -3.0400 4.4425 -2.9450 4.5660 0.1558
1 27 2018/09/20 11:37:46.00 30 HD098231 6.7580 54.3500 -0.7487 -5.0959 -0.8428 -5.1841 0.1291
1 27 2018/09/20 11:37:46.00 30 HD098353 11.0500 49.2240 7.7548 2.1732 7.9011 2.2723 0.1768
1 27 2018/09/20 11:37:46.00 30 HD094600 11.5820 55.9900 -3.4288 3.0408 -3.3556 3.2732 0.2437
1 27 2018/09/20 11:41:46.00 30 HD096833 17.0440 45.9590 12.9861 12.5177 12.8329 12.0678 0.4753
1 27 2018/09/20 11:41:46.00 30 HD098262 8.3750 53.7100 0.3256 -2.3752 0.2746 -2.4289 0.0740
1 27 2018/09/20 11:41:46.00 30 HD094264 13.0560 56.2980 -3.9155 5.5327 -3.9411 5.5970 0.0692
1 27 2018/09/20 11:41:46.00 30 HD098230 7.3840 54.9300 -1.7137 -4.0385 -1.7001 -4.0962 0.0593
1 27 2018/09/20 11:41:46.00 30 HD098353 11.6370 49.7590 6.8566 3.1519 6.8564 3.3168 0.1648
1 27 2018/09/20 11:41:46.00 30 HD094600 12.2240 56.5350 -4.3179 4.1324 -4.3281 4.2638 0.1318
1 27 2018/09/20 11:41:46.00 30 HD095128 15.9780 50.4980 5.5723 10.4928 5.4797 10.4794 0.0936
1 27 2018/09/20 11:41:46.00 30 HD095310 15.0140 51.3140 4.2515 8.8354 4.2331 8.7230 0.1139
