1 25 2018/09/21 08:46:34.00 30 HD095689 14.4220 15.3620 11.1936 7.7853 11.1012 7.7517 0.0983
1 25 2018/09/21 08:46:34.00 30 HD095418 9.7060 17.9510 6.9868 -0.3597 7.0178 -0.3743 0.0343
1 25 2018/09/21 08:46:34.00 30 HD084999 16.9370 24.7120 -4.2459 11.9625 -4.2464 11.9352 0.0273
1 25 2018/09/21 08:48:34.00 30 HD095689 14.5250 15.5840 10.8203 7.9519 10.7012 7.9299 0.1211
1 25 2018/09/21 08:48:34.00 30 HD095418 9.8260 18.2060 6.5563 -0.1613 6.5382 -0.1816 0.0272
1 25 2018/09/21 08:48:34.00 30 HD084999 17.0990 24.9220 -4.5879 12.2476 -4.5970 12.1062 0.1417
1 25 2018/09/21 08:50:34.00 30 HD095689 14.6300 15.8050 10.4486 8.1213 10.3592 8.0442 0.1181
1 25 2018/09/21 08:50:34.00 30 HD095418 9.9470 18.4600 6.1276 0.0401 6.1255 0.0761 0.0361
1 25 2018/09/21 08:52:34.00 30 HD095689 14.7360 16.0250 10.0784 8.2935 10.0248 8.3011 0.0541
1 25 2018/09/21 08:52:34.00 30 HD095418 10.0700 18.7130 5.7006 0.2445 5.6961 0.2173 0.0276
1 25 2018/09/21 08:54:34.00 30 HD095689 14.8430 16.2440 9.7097 8.4685 9.6534 8.4763 0.0569
1 25 2018/09/21 08:54:34.00 30 HD095418 10.1940 18.9650 5.2754 0.4519 5.2847 0.4517 0.0093
1 25 2018/09/21 08:56:34.00 30 HD095689 14.9520 16.4630 9.3427 8.6462 9.3170 8.6068 0.0470
1 25 2018/09/21 08:56:34.00 30 HD095418 10.3200 19.2170 4.8518 0.6623 4.8722 0.6423 0.0286
1 25 2018/09/21 08:58:35.00 30 HD095689 15.0640 16.6830 8.9741 8.8282 8.9508 8.7982 0.0380
1 25 2018/09/21 08:58:35.00 30 HD095418 10.4490 19.4700 4.4265 0.8775 4.4455 0.8449 0.0378
1 25 2018/09/21 09:00:35.00 30 HD095689 15.1750 16.9000 8.6101 9.0114 8.5626 8.9823 0.0557
1 25 2018/09/21 09:00:35.00 30 HD095418 10.5780 19.7200 4.0064 1.0940 4.0388 1.1026 0.0335
1 25 2018/09/21 09:02:35.00 30 HD095689 15.2880 17.1170 8.2477 9.1974 8.2134 9.1804 0.0383
1 25 2018/09/21 09:02:35.00 30 HD095418 10.7090 19.9700 3.5881 1.3134 3.5859 1.3760 0.0626
1 25 2018/09/21 09:04:35.00 30 HD095689 15.4030 17.3340 7.8868 9.3862 7.8790 9.3922 0.0099
1 25 2018/09/21 09:04:35.00 30 HD095418 10.8420 20.2180 3.1715 1.5359 3.1655 1.5369 0.0060
1 25 2018/09/21 09:04:35.00 30 HD103287 5.4370 14.4470 13.0836 -7.5845 13.1832 -7.6068 0.1021
1 25 2018/09/21 09:06:35.00 30 HD095689 15.5190 17.5490 7.5275 9.5777 7.5072 9.5442 0.0393
1 25 2018/09/21 09:06:35.00 30 HD095418 10.9760 20.4660 2.7566 1.7613 2.7643 1.7609 0.0077
1 25 2018/09/21 09:06:35.00 30 HD103287 5.5330 14.7300 12.5931 -7.4253 12.6764 -7.4735 0.0962
1 25 2018/09/21 09:08:35.00 30 HD095689 15.6360 17.7640 7.1698 9.7720 7.1533 9.7618 0.0194
1 25 2018/09/21 09:08:35.00 30 HD095418 11.1120 20.7130 2.3434 1.9898 2.3446 2.0150 0.0252
1 25 2018/09/21 09:08:35.00 30 HD103287 5.6300 15.0110 12.1045 -7.2629 12.1671 -7.2913 0.0687
1 25 2018/09/21 09:10:35.00 30 HD095689 15.7550 17.9780 6.8136 9.9690 6.7812 9.9246 0.0550
1 25 2018/09/21 09:10:35.00 30 HD095418 11.2490 20.9590 1.9320 2.2212 1.9205 2.2386 0.0208
1 25 2018/09/21 09:10:35.00 30 HD103287 5.7300 15.2920 11.6178 -7.0972 11.5773 -7.1052 0.0413
1 25 2018/09/21 09:12:35.00 30 HD095689 15.8750 18.1910 6.4591 10.1687 6.4331 10.1630 0.0266
1 25 2018/09/21 09:12:35.00 30 HD095418 11.3880 21.2050 1.5223 2.4556 1.5006 2.4560 0.0217
1 25 2018/09/21 09:12:35.00 30 HD103287 5.8320 15.5730 11.1329 -6.9284 11.2084 -6.9006 0.0805
1 25 2018/09/21 09:14:35.00 30 HD095689 15.9960 18.4040 6.1061 10.3712 6.0775 10.3538 0.0335
1 25 2018/09/21 09:14:35.00 30 HD095418 11.5280 21.4500 1.1143 2.6930 1.0586 2.6995 0.0561
1 25 2018/09/21 09:14:35.00 30 HD103287 5.9350 15.8530 10.6498 -6.7565 10.5862 -6.7458 0.0646
1 25 2018/09/21 09:16:35.00 30 HD095689 16.1190 18.6160 5.7547 10.5764 5.7351 10.5835 0.0209
1 25 2018/09/21 09:16:35.00 30 HD095418 11.6700 21.6930 0.7081 2.9335 0.6835 2.9787 0.0515
1 25 2018/09/21 09:16:35.00 30 HD103287 6.0400 16.1320 10.1686 -6.5813 10.1622 -6.5103 0.0712
1 25 2018/09/21 09:18:35.00 30 HD095689 16.2430 18.8270 5.4049 10.7844 5.3981 10.7426 0.0423
1 25 2018/09/21 09:18:35.00 30 HD095418 11.8130 21.9370 0.3036 3.1768 0.3144 3.2121 0.0368
1 25 2018/09/21 09:18:35.00 30 HD103287 6.1470 16.4100 9.6893 -6.4030 9.7169 -6.4246 0.0351
1 25 2018/09/21 09:20:35.00 30 HD095689 16.3690 19.0380 5.0567 10.9951 5.0541 10.9841 0.0112
1 25 2018/09/21 09:20:35.00 30 HD095418 11.9580 22.1790 -0.0992 3.4232 -0.1219 3.4282 0.0232
1 25 2018/09/21 09:20:35.00 30 HD103287 6.2560 16.6880 9.2118 -6.2214 9.1875 -6.1501 0.0754
1 25 2018/09/21 09:22:36.00 30 HD095689 16.4970 19.2490 4.7073 11.2103 4.7086 11.2048 0.0056
1 25 2018/09/21 09:22:36.00 30 HD095418 12.1060 22.4220 -0.5036 3.6747 -0.5060 3.6928 0.0182
1 25 2018/09/21 09:22:36.00 30 HD103287 6.3680 16.9680 8.7322 -6.0352 8.7229 -6.0346 0.0093
1 25 2018/09/21 09:24:36.00 30 HD095689 16.6250 19.4580 4.3623 11.4264 4.3610 11.4010 0.0255
1 25 2018/09/21 09:24:36.00 30 HD095418 12.2540 22.6630 -0.9029 3.9271 -0.9337 3.9407 0.0337
1 25 2018/09/21 09:24:36.00 30 HD103287 6.4800 17.2440 8.2584 -5.8473 8.2217 -5.7998 0.0601
1 25 2018/09/21 09:26:36.00 30 HD095689 16.7550 19.6660 4.0189 11.6453 3.9728 11.5791 0.0807
1 25 2018/09/21 09:26:36.00 30 HD095418 12.4040 22.9030 -1.3004 4.1825 -1.3212 4.2036 0.0296
1 25 2018/09/21 09:26:36.00 30 HD103287 6.5950 17.5200 7.7865 -5.6563 7.7968 -5.5999 0.0574
1 25 2018/09/21 09:28:36.00 30 HD095689 16.8860 19.8740 3.6772 11.8669 3.6750 11.7870 0.0800
1 25 2018/09/21 09:28:36.00 30 HD095418 12.5550 23.1410 -1.6962 4.4408 -1.7183 4.4746 0.0403
1 25 2018/09/21 09:28:36.00 30 HD103287 6.7110 17.7950 7.3164 -5.4622 7.3505 -5.4539 0.0351
1 25 2018/09/21 09:30:36.00 30 HD095689 17.0180 20.0800 3.3371 12.0912 3.3440 12.0514 0.0405
1 25 2018/09/21 09:30:36.00 30 HD095418 12.7070 23.3790 -2.0903 4.7022 -2.1187 4.7486 0.0544
1 25 2018/09/21 09:30:36.00 30 HD103287 6.8290 18.0690 6.8481 -5.2648 6.8706 -5.2537 0.0251
1 25 2018/09/21 09:30:36.00 30 HD106591 8.7580 13.9420 13.8154 -1.8624 13.6623 -1.8698 0.1532
1 25 2018/09/21 09:32:36.00 30 HD095689 17.1510 20.2860 2.9986 12.3183 3.0467 12.2932 0.0542
1 25 2018/09/21 09:32:36.00 30 HD095418 12.8610 23.6170 -2.4826 4.9666 -2.5255 5.0193 0.0680
1 25 2018/09/21 09:32:36.00 30 HD103287 6.9480 18.3430 6.3816 -5.0643 6.3693 -5.0345 0.0323
1 25 2018/09/21 09:32:36.00 30 HD106591 8.8520 14.2020 13.3671 -1.7115 13.3754 -1.7158 0.0093
1 25 2018/09/21 09:34:36.00 30 HD095689 17.2860 20.4910 2.6617 12.5480 2.6672 12.3843 0.1638
1 25 2018/09/21 09:34:36.00 30 HD095418 13.0170 23.8530 -2.8732 5.2339 -2.9432 5.2642 0.0763
1 25 2018/09/21 09:34:36.00 30 HD103287 7.0700 18.6160 5.9169 -4.8607 5.8959 -4.8662 0.0218
1 25 2018/09/21 09:34:36.00 30 HD106591 8.9470 14.4610 12.9206 -1.5575 12.9664 -1.6404 0.0947
1 25 2018/09/21 09:36:36.00 30 HD095689 17.4220 20.6960 2.3265 12.7805 2.3548 12.3955 0.3860
1 25 2018/09/21 09:36:36.00 30 HD095418 13.1740 24.0880 -3.2620 5.5043 -3.3110 5.5454 0.0640
1 25 2018/09/21 09:36:36.00 30 HD103287 7.1930 18.8880 5.4541 -4.6540 5.4412 -4.6199 0.0364
1 25 2018/09/21 09:36:36.00 30 HD106591 9.0440 14.7190 12.4757 -1.4006 12.5490 -1.3659 0.0810
1 25 2018/09/21 09:38:36.00 30 HD095418 13.3320 24.3230 -3.6490 5.7776 -3.6746 5.8200 0.0495
1 25 2018/09/21 09:38:36.00 30 HD103287 7.3180 19.1600 4.9931 -4.4441 5.0363 -4.4543 0.0444
1 25 2018/09/21 09:38:36.00 30 HD106591 9.1430 14.9770 12.0326 -1.2405 12.1720 -1.2504 0.1398
1 25 2018/09/21 09:40:36.00 30 HD095418 13.4920 24.5570 -4.0343 6.0539 -4.0836 6.1075 0.0728
1 25 2018/09/21 09:40:36.00 30 HD103287 7.4450 19.4300 4.5339 -4.2310 4.5920 -4.2318 0.0582
1 25 2018/09/21 09:40:36.00 30 HD106591 9.2430 15.2350 11.5912 -1.0775 11.6612 -1.1442 0.0967
1 25 2018/09/21 09:42:36.00 30 HD095418 13.6530 24.7890 -4.4179 6.3333 -4.4281 6.3955 0.0630
1 25 2018/09/21 09:42:36.00 30 HD103287 7.5730 19.7000 4.0765 -4.0149 4.0592 -4.0659 0.0538
1 25 2018/09/21 09:42:36.00 30 HD106591 9.3450 15.4920 11.1514 -0.9114 11.1766 -0.9245 0.0284
1 25 2018/09/21 09:44:36.00 30 HD095418 13.8160 25.0210 -4.7997 6.6156 -4.8390 6.6761 0.0722
1 25 2018/09/21 09:44:36.00 30 HD103287 7.7030 19.9700 3.6209 -3.7956 3.6437 -3.7974 0.0229
1 25 2018/09/21 09:44:36.00 30 HD106591 9.4490 15.7480 10.7134 -0.7422 10.7941 -0.7562 0.0819
1 25 2018/09/21 09:50:5.00 30 HD095418 14.2700 25.6520 -5.8373 7.4051 -5.8230 7.4442 0.0416
1 25 2018/09/21 09:50:5.00 30 HD103287 8.0690 20.7040 2.3811 -3.1784 2.3776 -3.1603 0.0184
1 25 2018/09/21 09:50:5.00 30 HD106591 9.7410 16.4470 9.5212 -0.2631 9.5692 -0.2956 0.0580
1 25 2018/09/21 09:52:5.00 30 HD095418 14.4380 25.8810 -6.2125 7.6988 -6.1800 7.7290 0.0443
1 25 2018/09/21 09:52:5.00 30 HD103287 8.2060 20.9700 1.9322 -2.9474 1.9278 -2.9551 0.0089
1 25 2018/09/21 09:52:5.00 30 HD106591 9.8510 16.7010 9.0896 -0.0827 9.1019 -0.0987 0.0202
1 25 2018/09/21 09:54:5.00 30 HD095418 14.6070 26.1080 -6.5858 7.9954 -6.6168 7.9724 0.0385
1 25 2018/09/21 09:54:5.00 30 HD103287 8.3440 21.2350 1.4852 -2.7133 1.4704 -2.7430 0.0331
1 25 2018/09/21 09:54:5.00 30 HD106591 9.9630 16.9540 8.6597 0.1008 8.6074 0.0556 0.0690
1 25 2018/09/21 09:56:5.00 30 HD095418 14.7780 26.3350 -6.9574 8.2950 -6.9337 8.2865 0.0252
1 25 2018/09/21 09:56:5.00 30 HD103287 8.4850 21.5000 1.0399 -2.4761 1.0303 -2.4755 0.0097
1 25 2018/09/21 09:56:5.00 30 HD106591 10.0760 17.2070 8.2314 0.2872 8.2650 0.2478 0.0517
1 25 2018/09/21 09:58:5.00 30 HD095418 14.9500 26.5610 -7.3272 8.5976 -7.3067 8.6212 0.0312
1 25 2018/09/21 09:58:5.00 30 HD103287 8.6260 21.7640 0.5965 -2.2358 0.5932 -2.2777 0.0421
1 25 2018/09/21 09:58:5.00 30 HD106591 10.1910 17.4580 7.8049 0.4766 7.8413 0.4484 0.0460
1 25 2018/09/21 10:00:6.00 30 HD095418 15.1250 26.7870 -7.6983 8.9059 -7.6600 8.9117 0.0387
1 25 2018/09/21 10:00:6.00 30 HD103287 8.7710 22.0290 0.1511 -1.9903 0.1115 -1.9925 0.0397
1 25 2018/09/21 10:00:6.00 30 HD106591 10.3080 17.7120 7.3765 0.6706 7.3966 0.6410 0.0357
1 25 2018/09/21 10:02:6.00 30 HD095418 15.3000 27.0110 -8.0645 9.2146 -8.0270 9.2059 0.0385
1 25 2018/09/21 10:02:6.00 30 HD103287 8.9160 22.2910 -0.2887 -1.7438 -0.3245 -1.7285 0.0389
1 25 2018/09/21 10:02:6.00 30 HD106591 10.4260 17.9620 6.9534 0.8660 7.0125 0.8709 0.0593
1 25 2018/09/21 10:04:6.00 30 HD112185 7.5350 13.6550 14.3612 -3.9519 13.9102 -4.0128 0.4551
1 25 2018/09/21 10:04:6.00 30 HD095418 15.4770 27.2340 -8.4289 9.5264 -8.3979 9.5621 0.0473
1 25 2018/09/21 10:04:6.00 30 HD103287 9.0630 22.5520 -0.7268 -1.4941 -0.7695 -1.4947 0.0428
1 25 2018/09/21 10:04:6.00 30 HD106591 10.5460 18.2120 6.5320 1.0644 6.5948 1.0765 0.0639
1 25 2018/09/21 10:06:6.00 30 HD112185 7.6270 13.9230 13.8964 -3.8035 13.5605 -3.8468 0.3386
1 25 2018/09/21 10:06:6.00 30 HD095418 15.6540 27.4560 -8.7915 9.8412 -8.6979 9.7926 0.1055
1 25 2018/09/21 10:06:6.00 30 HD103287 9.2110 22.8130 -1.1631 -1.2413 -1.1702 -1.2708 0.0304
1 25 2018/09/21 10:06:6.00 30 HD106591 10.6670 18.4610 6.1123 1.2658 6.1215 1.2516 0.0169
1 25 2018/09/21 10:08:6.00 30 HD112185 7.7200 14.1900 13.4334 -3.6521 13.2522 -3.6875 0.1846
1 25 2018/09/21 10:08:6.00 30 HD095418 15.8330 27.6760 -9.1523 10.1591 -9.0208 10.1370 0.1333
1 25 2018/09/21 10:08:6.00 30 HD103287 9.3610 23.0720 -1.5976 -0.9853 -1.6465 -1.0330 0.0683
1 25 2018/09/21 10:08:6.00 30 HD106591 10.7900 18.7090 5.6943 1.4702 5.6970 1.4674 0.0039
