149.80	90.00
149.67	89.78
149.55	89.56
149.42	89.35
149.30	89.13
149.18	88.91
149.05	88.69
148.93	88.48
148.80	88.26
148.68	88.04
148.56	87.83
148.43	87.61
148.31	87.39
148.18	87.18
148.06	86.96
147.93	86.74
147.81	86.52
147.69	86.31
147.56	86.09
147.44	85.87
147.31	85.66
147.19	85.44
147.06	85.22
146.94	85.01
146.81	84.79
146.69	84.57
146.56	84.35
146.44	84.14
146.31	83.92
146.19	83.70
146.06	83.49
145.94	83.27
145.81	83.05
145.69	82.84
145.56	82.62
145.43	82.41
145.31	82.19
145.18	81.97
145.05	81.76
144.93	81.54
144.80	81.32
144.67	81.11
144.55	80.89
144.42	80.67
144.29	80.46
144.17	80.24
144.04	80.03
143.91	79.81
143.78	79.59
143.65	79.38
143.53	79.16
143.40	78.95
143.27	78.73
143.14	78.52
143.01	78.30
142.88	78.08
142.75	77.87
142.62	77.65
142.49	77.44
142.36	77.22
142.23	77.01
142.10	76.79
141.97	76.58
141.84	76.36
141.71	76.15
141.58	75.93
141.44	75.72
141.31	75.50
141.18	75.29
141.05	75.07
140.91	74.86
140.78	74.64
140.65	74.43
140.51	74.21
140.38	74.00
140.25	73.79
140.11	73.57
139.98	73.36
139.84	73.14
139.71	72.93
139.57	72.72
139.43	72.50
139.30	72.29
139.16	72.08
139.02	71.86
138.89	71.65
138.75	71.44
138.61	71.22
138.47	71.01
138.33	70.80
138.19	70.58
138.05	70.37
137.91	70.16
137.77	69.95
137.63	69.73
137.49	69.52
137.35	69.31
137.21	69.10
137.07	68.89
136.92	68.67
136.78	68.46
136.64	68.25
136.49	68.04
136.35	67.83
136.21	67.62
136.06	67.41
135.91	67.20
135.77	66.99
135.62	66.77
135.48	66.56
135.33	66.35
135.18	66.14
135.03	65.93
134.88	65.72
134.73	65.51
134.58	65.30
134.43	65.10
134.28	64.89
134.13	64.68
133.98	64.47
133.83	64.26
133.67	64.05
133.52	63.84
133.37	63.63
133.21	63.43
133.06	63.22
132.90	63.01
132.74	62.80
132.59	62.59
132.43	62.39
132.27	62.18
132.11	61.97
131.95	61.77
131.79	61.56
131.63	61.35
131.47	61.15
131.31	60.94
131.15	60.74
130.98	60.53
130.82	60.32
130.66	60.12
130.49	59.91
130.32	59.71
130.16	59.50
129.99	59.30
129.82	59.10
129.65	58.89
129.48	58.69
129.31	58.48
129.14	58.28
128.97	58.08
128.80	57.88
128.63	57.67
128.45	57.47
128.28	57.27
128.10	57.07
127.93	56.86
127.75	56.66
127.57	56.46
127.39	56.26
127.21	56.06
127.03	55.86
126.85	55.66
126.67	55.46
126.49	55.26
126.30	55.06
126.12	54.86
125.93	54.66
125.74	54.47
125.56	54.27
125.37	54.07
125.18	53.87
124.99	53.67
124.80	53.48
124.60	53.28
124.41	53.08
124.22	52.89
124.02	52.69
123.83	52.50
123.63	52.30
123.43	52.11
123.23	51.91
123.03	51.72
122.83	51.53
122.63	51.33
122.42	51.14
122.22	50.95
122.01	50.75
121.80	50.56
121.60	50.37
121.39	50.18
121.18	49.99
120.96	49.80
120.75	49.61
120.54	49.42
120.32	49.23
120.10	49.04
119.89	48.85
119.67	48.66
119.45	48.48
119.22	48.29
119.00	48.10
118.78	47.92
118.55	47.73
118.32	47.55
118.10	47.36
117.87	47.18
117.64	46.99
117.40	46.81
117.17	46.63
116.93	46.44
116.70	46.26
116.46	46.08
116.22	45.90
115.98	45.72
115.74	45.54
115.49	45.36
115.25	45.18
115.00	45.00
114.75	44.82
114.50	44.64
114.25	44.47
114.00	44.29
113.74	44.12
113.48	43.94
113.23	43.77
112.97	43.59
112.71	43.42
112.44	43.24
112.18	43.07
111.91	42.90
111.64	42.73
111.37	42.56
111.10	42.39
110.83	42.22
110.55	42.05
110.27	41.88
110.00	41.72
109.72	41.55
109.43	41.38
109.15	41.22
108.86	41.06
108.57	40.89
108.28	40.73
107.99	40.57
107.70	40.41
107.40	40.24
107.10	40.08
106.80	39.93
106.50	39.77
106.20	39.61
105.89	39.45
105.58	39.30
105.27	39.14
104.96	38.99
104.65	38.83
104.33	38.68
104.01	38.53
103.69	38.38
103.37	38.23
103.05	38.08
102.72	37.93
102.39	37.78
102.06	37.64
101.73	37.49
101.39	37.35
101.05	37.20
100.71	37.06
100.37	36.92
100.03	36.78
99.68	36.64
99.33	36.50
98.98	36.36
98.62	36.22
98.27	36.09
97.91	35.95
97.55	35.82
97.19	35.69
96.82	35.56
96.45	35.43
96.08	35.30
95.71	35.17
95.34	35.04
94.96	34.92
94.58	34.79
94.20	34.67
93.81	34.55
93.43	34.43
93.04	34.31
92.65	34.19
92.25	34.07
91.86	33.96
91.46	33.84
91.06	33.73
90.66	33.62
90.25	33.50
89.84	33.40
89.43	33.29
89.02	33.18
88.61	33.08
88.19	32.97
87.77	32.87
87.35	32.77
86.92	32.67
86.50	32.57
86.07	32.47
85.64	32.38
85.20	32.28
84.77	32.19
84.33	32.10
83.89	32.01
83.45	31.92
83.00	31.84
82.56	31.75
82.11	31.67
81.66	31.59
81.21	31.51
80.75	31.43
80.29	31.35
79.84	31.28
79.37	31.20
78.91	31.13
78.45	31.06
77.98	30.99
77.51	30.93
77.04	30.86
76.57	30.80
76.10	30.73
75.62	30.67
75.15	30.62
74.67	30.56
74.19	30.50
73.70	30.45
73.22	30.40
72.74	30.35
72.25	30.30
71.76	30.26
71.28	30.21
70.79	30.17
70.29	30.13
69.80	30.09
69.31	30.05
68.81	30.02
68.32	29.99
67.82	29.96
67.32	29.93
66.83	29.90
66.33	29.87
65.83	29.85
65.33	29.83
64.83	29.81
64.32	29.79
63.82	29.77
63.32	29.76
62.82	29.75
62.31	29.74
61.81	29.73
61.30	29.72
60.80	29.72
60.30	29.71
59.79	29.71
59.29	29.71
58.78	29.72
58.28	29.72
57.77	29.73
57.27	29.74
56.77	29.75
56.26	29.76
55.76	29.77
55.26	29.79
54.76	29.81
54.26	29.83
53.76	29.85
53.26	29.87
52.76	29.90
52.26	29.93
51.76	29.96
51.26	29.99
50.77	30.02
50.27	30.06
49.78	30.09
49.29	30.13
48.80	30.17
48.31	30.21
47.82	30.26
47.33	30.30
46.85	30.35
46.36	30.40
45.88	30.45
45.40	30.51
44.92	30.56
44.44	30.62
43.96	30.68
43.49	30.74
43.01	30.80
42.54	30.86
42.07	30.93
41.60	30.99
41.14	31.06
40.67	31.13
40.21	31.20
39.75	31.28
39.29	31.35
38.83	31.43
38.38	31.51
37.93	31.59
37.47	31.67
37.03	31.75
36.58	31.84
36.14	31.93
35.69	32.01
35.25	32.10
34.82	32.19
34.38	32.29
33.95	32.38
33.52	32.48
33.09	32.57
32.66	32.67
32.24	32.77
31.82	32.87
31.40	32.97
30.98	33.08
30.56	33.18
30.15	33.29
29.74	33.40
29.33	33.51
28.93	33.62
28.53	33.73
28.12	33.84
27.73	33.96
27.33	34.07
26.94	34.19
26.55	34.31
26.16	34.43
25.77	34.55
25.39	34.67
25.00	34.80
24.63	34.92
24.25	35.05
23.87	35.17
23.50	35.30
23.13	35.43
22.76	35.56
22.40	35.69
22.04	35.82
21.68	35.96
21.32	36.09
20.96	36.23
20.61	36.36
20.26	36.50
19.91	36.64
19.56	36.78
19.22	36.92
18.87	37.06
18.53	37.21
18.20	37.35
17.86	37.49
17.53	37.64
17.20	37.79
16.87	37.93
16.54	38.08
16.22	38.23
15.89	38.38
15.57	38.53
15.25	38.68
14.94	38.84
14.62	38.99
14.31	39.14
14.00	39.30
13.69	39.46
13.39	39.61
13.08	39.77
12.78	39.93
12.48	40.09
12.19	40.25
11.89	40.41
11.60	40.57
11.30	40.73
11.01	40.90
10.73	41.06
10.44	41.22
10.15	41.39
9.87	41.55
9.59	41.72
9.31	41.89
9.04	42.06
8.76	42.22
8.49	42.39
8.22	42.56
7.95	42.73
7.68	42.91
7.41	43.08
7.15	43.25
6.88	43.42
6.62	43.60
6.36	43.77
6.10	43.94
5.85	44.12
5.59	44.30
5.34	44.47
5.09	44.65
4.84	44.83
4.59	45.00
4.34	45.18
4.10	45.36
3.85	45.54
3.61	45.72
3.37	45.90
3.13	46.08
2.89	46.27
2.65	46.45
2.42	46.63
2.19	46.81
1.95	47.00
1.72	47.18
1.49	47.37
1.26	47.55
1.04	47.74
0.81	47.92
0.59	48.11
0.36	48.29
0.14	48.48
-0.08	48.67
-0.30	48.86
-0.51	49.05
-0.73	49.23
-0.95	49.42
-1.16	49.61
-1.37	49.80
-1.59	49.99
-1.80	50.18
-2.01	50.38
-2.21	50.57
-2.42	50.76
-2.63	50.95
-2.83	51.14
-3.04	51.34
-3.24	51.53
-3.44	51.72
-3.64	51.92
-3.84	52.11
-4.04	52.31
-4.24	52.50
-4.43	52.70
-4.63	52.89
-4.82	53.09
-5.02	53.29
-5.21	53.48
-5.40	53.68
-5.59	53.88
-5.78	54.07
-5.97	54.27
-6.15	54.47
-6.34	54.67
-6.53	54.87
-6.71	55.07
-6.90	55.27
-7.08	55.47
-7.26	55.67
-7.44	55.87
-7.62	56.07
-7.80	56.27
-7.98	56.47
-8.16	56.67
-8.34	56.87
-8.51	57.07
-8.69	57.27
-8.86	57.48
-9.04	57.68
-9.21	57.88
-9.38	58.08
-9.55	58.29
-9.72	58.49
-9.89	58.69
-10.06	58.90
-10.23	59.10
-10.40	59.30
-10.57	59.51
-10.73	59.71
-10.90	59.92
-11.07	60.12
-11.23	60.33
-11.39	60.53
-11.56	60.74
-11.72	60.95
-11.88	61.15
-12.04	61.36
-12.20	61.56
-12.36	61.77
-12.52	61.98
-12.68	62.18
-12.84	62.39
-13.00	62.60
-13.15	62.81
-13.31	63.01
-13.47	63.22
-13.62	63.43
-13.78	63.64
-13.93	63.85
-14.08	64.06
-14.24	64.26
-14.39	64.47
-14.54	64.68
-14.69	64.89
-14.84	65.10
-14.99	65.31
-15.14	65.52
-15.29	65.73
-15.44	65.94
-15.59	66.15
-15.74	66.36
-15.88	66.57
-16.03	66.78
-16.18	66.99
-16.32	67.20
-16.47	67.41
-16.61	67.62
-16.76	67.83
-16.90	68.05
-17.05	68.26
-17.19	68.47
-17.33	68.68
-17.48	68.89
-17.62	69.10
-17.76	69.32
-17.90	69.53
-18.04	69.74
-18.18	69.95
-18.32	70.16
-18.46	70.38
-18.60	70.59
-18.74	70.80
-18.88	71.02
-19.02	71.23
-19.16	71.44
-19.29	71.65
-19.43	71.87
-19.57	72.08
-19.71	72.29
-19.84	72.51
-19.98	72.72
-20.11	72.94
-20.25	73.15
-20.38	73.36
-20.52	73.58
-20.65	73.79
-20.79	74.01
-20.92	74.22
-21.06	74.43
-21.19	74.65
-21.32	74.86
-21.46	75.08
-21.59	75.29
-21.72	75.51
-21.85	75.72
-21.98	75.94
-22.12	76.15
-22.25	76.37
-22.38	76.58
-22.51	76.80
-22.64	77.01
-22.77	77.23
-22.90	77.44
-23.03	77.66
-23.16	77.87
-23.29	78.09
-23.42	78.30
-23.55	78.52
-23.68	78.74
-23.81	78.95
-23.93	79.17
-24.06	79.38
-24.19	79.60
-24.32	79.82
-24.45	80.03
-24.57	80.25
-24.70	80.46
-24.83	80.68
-24.96	80.90
-25.08	81.11
-25.21	81.33
-25.34	81.54
-25.46	81.76
-25.59	81.98
-25.72	82.19
-25.84	82.41
-25.97	82.63
-26.09	82.84
-26.22	83.06
-26.35	83.28
-26.47	83.49
-26.60	83.71
-26.72	83.93
-26.85	84.14
-26.97	84.36
-27.10	84.58
-27.22	84.79
-27.35	85.01
-27.47	85.23
-27.60	85.44
-27.72	85.66
-27.85	85.88
-27.97	86.10
-28.09	86.31
-28.22	86.53
-28.34	86.75
-28.47	86.96
-28.59	87.18
-28.72	87.40
-28.84	87.61
-28.96	87.83
-29.09	88.05
-29.21	88.27
-29.34	88.48
-29.46	88.70
-29.58	88.92
-29.71	89.13
-29.83	89.35
-29.96	89.57
-30.08	89.79
-30.20	90.00