2456980.824195845518 20141118 14:21:50.5 114.979 89.937
2456980.824195845518 20141118 14:22:50.5 115.138 89.787
2456980.824195845518 20141118 14:23:50.5 115.297 89.635
2456980.824195845518 20141118 14:24:50.5 115.456 89.482
2456980.824195845518 20141118 14:25:50.5 115.615 89.328
2456980.824195845518 20141118 14:26:50.5 115.775 89.172
2456980.824195845518 20141118 14:27:50.5 115.934 89.016
2456980.824195845518 20141118 14:28:50.5 116.094 88.858
2456980.824195845518 20141118 14:29:50.5 116.255 88.700
2456980.824195845518 20141118 14:30:50.5 116.415 88.541
2456980.824195845518 20141118 14:31:50.5 116.576 88.381
2456980.824195845518 20141118 14:32:50.5 116.737 88.220
2456980.824195845518 20141118 14:33:50.5 116.899 88.059
2456980.824195845518 20141118 14:34:50.5 117.061 87.897
2456980.824195845518 20141118 14:35:50.5 117.222 87.735
2456980.824195845518 20141118 14:36:50.5 117.385 87.573
2456980.824195845518 20141118 14:37:50.5 117.547 87.410
2456980.824195845518 20141118 14:38:50.5 117.710 87.247
2456980.824195845518 20141118 14:39:50.5 117.873 87.083
2456980.824195845518 20141118 14:40:50.5 118.037 86.920
2456980.824195845518 20141118 14:41:50.5 118.200 86.756
2456980.824195845518 20141118 14:42:50.5 118.364 86.592
2456980.824195845518 20141118 14:43:50.5 118.529 86.428
2456980.824195845518 20141118 14:44:50.5 118.693 86.265
2456980.824195845518 20141118 14:45:50.5 118.858 86.101
2456980.824195845518 20141118 14:46:50.5 119.023 85.937
2456980.824195845518 20141118 14:47:50.5 119.189 85.773
2456980.824195845518 20141118 14:48:50.5 119.355 85.609
2456980.824195845518 20141118 14:49:50.5 119.521 85.445
2456980.824195845518 20141118 14:50:50.5 119.687 85.281
2456980.824195845518 20141118 14:51:50.5 119.854 85.117
2456980.824195845518 20141118 14:52:50.5 120.021 84.953
2456980.824195845518 20141118 14:53:50.5 120.189 84.790
2456980.824195845518 20141118 14:54:50.5 120.356 84.627
2456980.824195845518 20141118 14:55:50.5 120.524 84.463
2456980.824195845518 20141118 14:56:50.5 120.693 84.300
2456980.824195845518 20141118 14:57:50.5 120.862 84.137
2456980.824195845518 20141118 14:58:50.5 121.031 83.974
2456980.824195845518 20141118 14:59:50.5 121.200 83.812
2456980.824195845518 20141118 15:00:50.5 121.370 83.649
2456980.824195845518 20141118 15:01:50.5 121.540 83.487
2456980.824195845518 20141118 15:02:50.5 121.710 83.325
2456980.824195845518 20141118 15:03:50.5 121.881 83.163
2456980.824195845518 20141118 15:04:50.5 122.052 83.002
2456980.824195845518 20141118 15:05:50.5 122.224 82.841
2456980.824195845518 20141118 15:06:50.5 122.396 82.679
2456980.824195845518 20141118 15:07:50.5 122.568 82.519
2456980.824195845518 20141118 15:08:50.5 122.741 82.358
2456980.824195845518 20141118 15:09:50.5 122.914 82.198
2456980.824195845518 20141118 15:10:50.5 123.087 82.038
2456980.824195845518 20141118 15:11:50.5 123.261 81.878
2456980.824195845518 20141118 15:12:50.5 123.435 81.718
2456980.824195845518 20141118 15:13:50.5 123.609 81.559
2456980.824195845518 20141118 15:14:50.5 123.784 81.400
2456980.824195845518 20141118 15:15:50.5 123.959 81.241
2456980.824195845518 20141118 15:16:50.5 124.135 81.083
2456980.824195845518 20141118 15:17:50.5 124.311 80.924
2456980.824195845518 20141118 15:18:50.5 124.487 80.766
2456980.824195845518 20141118 15:19:50.5 124.664 80.609
2456980.824195845518 20141118 15:20:50.5 124.841 80.452
2456980.824195845518 20141118 15:21:50.5 125.019 80.295
2456980.824195845518 20141118 15:22:50.5 125.197 80.138
2456980.824195845518 20141118 15:23:50.5 125.375 79.982
2456980.824195845518 20141118 15:24:50.5 125.554 79.826
2456980.824195845518 20141118 15:25:50.5 125.733 79.670
2456980.824195845518 20141118 15:26:50.5 125.913 79.514
2456980.824195845518 20141118 15:27:50.5 126.093 79.359
2456980.824195845518 20141118 15:28:50.5 126.273 79.205
2456980.824195845518 20141118 15:29:50.5 126.454 79.050
2456980.824195845518 20141118 15:30:50.5 126.635 78.896
2456980.824195845518 20141118 15:31:50.5 126.817 78.742
2456980.824195845518 20141118 15:32:50.5 126.999 78.589
2456980.824195845518 20141118 15:33:50.5 127.181 78.436
2456980.824195845518 20141118 15:34:50.5 127.364 78.283
2456980.824195845518 20141118 15:35:50.5 127.547 78.131
2456980.824195845518 20141118 15:36:50.5 127.731 77.979
2456980.824195845518 20141118 15:37:50.5 127.915 77.828
2456980.824195845518 20141118 15:38:50.5 128.100 77.676
2456980.824195845518 20141118 15:39:50.5 128.285 77.525
2456980.824195845518 20141118 15:40:50.5 128.470 77.375
2456980.824195845518 20141118 15:41:50.5 128.656 77.225
2456980.824195845518 20141118 15:42:50.5 128.843 77.075
2456980.824195845518 20141118 15:43:50.5 129.030 76.926
2456980.824195845518 20141118 15:44:50.5 129.217 76.777
2456980.824195845518 20141118 15:45:50.5 129.405 76.628
2456980.824195845518 20141118 15:46:50.5 129.593 76.480
2456980.824195845518 20141118 15:47:50.5 129.781 76.332
2456980.824195845518 20141118 15:48:50.5 129.971 76.185
2456980.824195845518 20141118 15:49:50.5 130.160 76.038
2456980.824195845518 20141118 15:50:50.5 130.350 75.891
2456980.824195845518 20141118 15:51:50.5 130.541 75.745
2456980.824195845518 20141118 15:52:50.5 130.732 75.599
2456980.824195845518 20141118 15:53:50.5 130.923 75.453
2456980.824195845518 20141118 15:54:50.5 131.115 75.308
2456980.824195845518 20141118 15:55:50.5 131.307 75.164
2456980.824195845518 20141118 15:56:50.5 131.500 75.020
2456980.824195845518 20141118 15:57:50.5 131.693 74.876
2456980.824195845518 20141118 15:58:50.5 131.887 74.733
2456980.824195845518 20141118 15:59:50.5 132.081 74.590
2456980.824195845518 20141118 16:00:50.5 132.276 74.447
2456980.824195845518 20141118 16:01:50.5 132.471 74.305
2456980.824195845518 20141118 16:02:50.5 132.667 74.164
2456980.824195845518 20141118 16:03:50.5 132.863 74.023
2456980.824195845518 20141118 16:04:50.5 133.060 73.882
2456980.824195845518 20141118 16:05:50.5 133.257 73.742
2456980.824195845518 20141118 16:06:50.5 133.455 73.602
2456980.824195845518 20141118 16:07:50.5 133.653 73.462
2456980.824195845518 20141118 16:08:50.5 133.851 73.323
2456980.824195845518 20141118 16:09:50.5 134.051 73.185
2456980.824195845518 20141118 16:10:50.5 134.250 73.047
2456980.824195845518 20141118 16:11:50.5 134.450 72.910
2456980.824195845518 20141118 16:12:50.5 134.651 72.772
2456980.824195845518 20141118 16:13:50.5 134.852 72.636
2456980.824195845518 20141118 16:14:50.5 135.054 72.500
2456980.824195845518 20141118 16:15:50.5 135.256 72.364
2456980.824195845518 20141118 16:16:50.5 135.459 72.229
2456980.824195845518 20141118 16:17:50.5 135.662 72.094
2456980.824195845518 20141118 16:18:50.5 135.865 71.960
2456980.824195845518 20141118 16:19:50.5 136.070 71.826
2456980.824195845518 20141118 16:20:50.5 136.274 71.693
2456980.824195845518 20141118 16:21:50.5 136.480 71.560
2456980.824195845518 20141118 16:22:50.5 136.685 71.428
2456980.824195845518 20141118 16:23:50.5 136.892 71.296
2456980.824195845518 20141118 16:24:50.5 137.098 71.165
2456980.824195845518 20141118 16:25:50.5 137.306 71.035
2456980.824195845518 20141118 16:26:50.5 137.514 70.904
2456980.824195845518 20141118 16:27:50.5 137.722 70.775
2456980.824195845518 20141118 16:28:50.5 137.931 70.645
2456980.824195845518 20141118 16:29:50.5 138.140 70.517
2456980.824195845518 20141118 16:30:50.5 138.350 70.389
2456980.824195845518 20141118 16:31:50.5 138.561 70.261
2456980.824195845518 20141118 16:32:50.5 138.772 70.134
2456980.824195845518 20141118 16:33:50.5 138.983 70.007
2456980.824195845518 20141118 16:34:50.5 139.195 69.881
2456980.824195845518 20141118 16:35:50.5 139.408 69.756
2456980.824195845518 20141118 16:36:50.5 139.621 69.631
2456980.824195845518 20141118 16:37:50.5 139.835 69.507
2456980.824195845518 20141118 16:38:50.5 140.049 69.383
2456980.824195845518 20141118 16:39:50.5 140.264 69.259
2456980.824195845518 20141118 16:40:50.5 140.479 69.137
2456980.824195845518 20141118 16:41:50.5 140.695 69.014
2456980.824195845518 20141118 16:42:50.5 140.911 68.893
2456980.824195845518 20141118 16:43:50.5 141.128 68.772
2456980.824195845518 20141118 16:44:50.5 141.346 68.651
2456980.824195845518 20141118 16:45:50.5 141.564 68.531
2456980.824195845518 20141118 16:46:50.5 141.782 68.412
2456980.824195845518 20141118 16:47:50.5 142.002 68.293
2456980.824195845518 20141118 16:48:50.5 142.221 68.175
2456980.824195845518 20141118 16:49:50.5 142.441 68.057
2456980.824195845518 20141118 16:50:50.5 142.662 67.940
2456980.824195845518 20141118 16:51:50.5 142.883 67.824
2456980.824195845518 20141118 16:52:50.5 143.105 67.708
2456980.824195845518 20141118 16:53:50.5 143.328 67.593
2456980.824195845518 20141118 16:54:50.5 143.551 67.478
2456980.824195845518 20141118 16:55:50.5 143.774 67.364
2456980.824195845518 20141118 16:56:50.5 143.998 67.251
2456980.824195845518 20141118 16:57:50.5 144.223 67.138
2456980.824195845518 20141118 16:58:50.5 144.448 67.026
2456980.824195845518 20141118 16:59:50.5 144.674 66.914
2456980.824195845518 20141118 17:00:50.5 144.900 66.803
2456980.824195845518 20141118 17:01:50.5 145.127 66.693
2456980.824195845518 20141118 17:02:50.5 145.354 66.583
2456980.824195845518 20141118 17:03:50.5 145.582 66.474
2456980.824195845518 20141118 17:04:50.5 145.810 66.365
2456980.824195845518 20141118 17:05:50.5 146.039 66.258
2456980.824195845518 20141118 17:06:50.5 146.269 66.150
2456980.824195845518 20141118 17:07:50.5 146.499 66.044
2456980.824195845518 20141118 17:08:50.5 146.729 65.938
2456980.824195845518 20141118 17:09:50.5 146.960 65.833
2456980.824195845518 20141118 17:10:50.5 147.192 65.728
2456980.824195845518 20141118 17:11:50.5 147.424 65.624
2456980.824195845518 20141118 17:12:50.5 147.657 65.521
2456980.824195845518 20141118 17:13:50.5 147.891 65.418
2456980.824195845518 20141118 17:14:50.5 148.124 65.316
2456980.824195845518 20141118 17:15:50.5 148.359 65.215
2456980.824195845518 20141118 17:16:50.5 148.594 65.114
2456980.824195845518 20141118 17:17:50.5 148.829 65.014
2456980.824195845518 20141118 17:18:50.5 149.065 64.915
2456980.824195845518 20141118 17:19:50.5 149.302 64.816
2456980.824195845518 20141118 17:20:50.5 149.539 64.718
2456980.824195845518 20141118 17:21:50.5 149.777 64.621
2456980.824195845518 20141118 17:22:50.5 150.015 64.525
2456980.824195845518 20141118 17:23:50.5 150.254 64.429
2456980.824195845518 20141118 17:24:50.5 150.493 64.334
2456980.824195845518 20141118 17:25:50.5 150.733 64.239
2456980.824195845518 20141118 17:26:50.5 150.973 64.145
2456980.824195845518 20141118 17:27:50.5 151.214 64.052
2456980.824195845518 20141118 17:28:50.5 151.455 63.960
2456980.824195845518 20141118 17:29:50.5 151.697 63.868
2456980.824195845518 20141118 17:30:50.5 151.940 63.778
2456980.824195845518 20141118 17:31:50.5 152.183 63.687
2456980.824195845518 20141118 17:32:50.5 152.426 63.598
2456980.824195845518 20141118 17:33:50.5 152.670 63.509
2456980.824195845518 20141118 17:34:50.5 152.915 63.421
2456980.824195845518 20141118 17:35:50.5 153.160 63.334
2456980.824195845518 20141118 17:36:50.5 153.405 63.247
2456980.824195845518 20141118 17:37:50.5 153.651 63.162
2456980.824195845518 20141118 17:38:50.5 153.898 63.077
2456980.824195845518 20141118 17:39:50.5 154.145 62.992
2456980.824195845518 20141118 17:40:50.5 154.393 62.909
2456980.824195845518 20141118 17:41:50.5 154.641 62.826
2456980.824195845518 20141118 17:42:50.5 154.889 62.744
2456980.824195845518 20141118 17:43:50.5 155.139 62.663
2456980.824195845518 20141118 17:44:50.5 155.388 62.582
2456980.824195845518 20141118 17:45:50.5 155.638 62.502
2456980.824195845518 20141118 17:46:50.5 155.889 62.423
2456980.824195845518 20141118 17:47:50.5 156.140 62.345
2456980.824195845518 20141118 17:48:50.5 156.391 62.268
2456980.824195845518 20141118 17:49:50.5 156.643 62.191
2456980.824195845518 20141118 17:50:50.5 156.896 62.115
2456980.824195845518 20141118 17:51:50.5 157.149 62.040
2456980.824195845518 20141118 17:52:50.5 157.402 61.966
2456980.824195845518 20141118 17:53:50.5 157.656 61.892
2456980.824195845518 20141118 17:54:50.5 157.911 61.819
2456980.824195845518 20141118 17:55:50.5 158.166 61.747
2456980.824195845518 20141118 17:56:50.5 158.421 61.676
2456980.824195845518 20141118 17:57:50.5 158.677 61.606
2456980.824195845518 20141118 17:58:50.5 158.933 61.536
2456980.824195845518 20141118 17:59:50.5 159.189 61.468
2456980.824195845518 20141118 18:00:50.5 159.447 61.400
2456980.824195845518 20141118 18:01:50.5 159.704 61.333
2456980.824195845518 20141118 18:02:50.5 159.962 61.266
2456980.824195845518 20141118 18:03:50.5 160.221 61.201
2456980.824195845518 20141118 18:04:50.5 160.479 61.136
2456980.824195845518 20141118 18:05:50.5 160.739 61.072
2456980.824195845518 20141118 18:06:50.5 160.998 61.009
2456980.824195845518 20141118 18:07:50.5 161.259 60.947
2456980.824195845518 20141118 18:08:50.5 161.519 60.886
2456980.824195845518 20141118 18:09:50.5 161.780 60.825
2456980.824195845518 20141118 18:10:50.5 162.041 60.765
2456980.824195845518 20141118 18:11:50.5 162.303 60.706
2456980.824195845518 20141118 18:12:50.5 162.565 60.648
2456980.824195845518 20141118 18:13:50.5 162.828 60.591
2456980.824195845518 20141118 18:14:50.5 163.091 60.535
2456980.824195845518 20141118 18:15:50.5 163.354 60.479
2456980.824195845518 20141118 18:16:50.5 163.618 60.425
2456980.824195845518 20141118 18:17:50.5 163.882 60.371
2456980.824195845518 20141118 18:18:50.5 164.146 60.318
2456980.824195845518 20141118 18:19:50.5 164.411 60.266
2456980.824195845518 20141118 18:20:50.5 164.676 60.215
2456980.824195845518 20141118 18:21:50.5 164.942 60.164
2456980.824195845518 20141118 18:22:50.5 165.208 60.115
2456980.824195845518 20141118 18:23:50.5 165.474 60.066
2456980.824195845518 20141118 18:24:50.5 165.740 60.018
2456980.824195845518 20141118 18:25:50.5 166.007 59.971
2456980.824195845518 20141118 18:26:50.5 166.274 59.925
2456980.824195845518 20141118 18:27:50.5 166.542 59.880
2456980.824195845518 20141118 18:28:50.5 166.810 59.836
2456980.824195845518 20141118 18:29:50.5 167.078 59.793
2456980.824195845518 20141118 18:30:50.5 167.346 59.750
2456980.824195845518 20141118 18:31:50.5 167.615 59.708
2456980.824195845518 20141118 18:32:50.5 167.884 59.668
2456980.824195845518 20141118 18:33:50.5 168.154 59.628
2456980.824195845518 20141118 18:34:50.5 168.423 59.589
2456980.824195845518 20141118 18:35:50.5 168.693 59.551
2456980.824195845518 20141118 18:36:50.5 168.963 59.514
2456980.824195845518 20141118 18:37:50.5 169.234 59.477
2456980.824195845518 20141118 18:38:50.5 169.504 59.442
2456980.824195845518 20141118 18:39:50.5 169.775 59.407
2456980.824195845518 20141118 18:40:50.5 170.047 59.374
2456980.824195845518 20141118 18:41:50.5 170.318 59.341
2456980.824195845518 20141118 18:42:50.5 170.590 59.309
2456980.824195845518 20141118 18:43:50.5 170.862 59.278
2456980.824195845518 20141118 18:44:50.5 171.134 59.248
2456980.824195845518 20141118 18:45:50.5 171.406 59.219
2456980.824195845518 20141118 18:46:50.5 171.679 59.191
2456980.824195845518 20141118 18:47:50.5 171.951 59.164
2456980.824195845518 20141118 18:48:50.5 172.224 59.137
2456980.824195845518 20141118 18:49:50.5 172.497 59.112
2456980.824195845518 20141118 18:50:50.5 172.771 59.087
2456980.824195845518 20141118 18:51:50.5 173.044 59.064
2456980.824195845518 20141118 18:52:50.5 173.318 59.041
2456980.824195845518 20141118 18:53:50.5 173.592 59.019
2456980.824195845518 20141118 18:54:50.5 173.866 58.998
2456980.824195845518 20141118 18:55:50.5 174.140 58.978
2456980.824195845518 20141118 18:56:50.5 174.414 58.959
2456980.824195845518 20141118 18:57:50.5 174.689 58.941
2456980.824195845518 20141118 18:58:50.5 174.963 58.924
2456980.824195845518 20141118 18:59:50.5 175.238 58.907
2456980.824195845518 20141118 19:00:50.5 175.513 58.892
2456980.824195845518 20141118 19:01:50.5 175.788 58.878
2456980.824195845518 20141118 19:02:50.5 176.063 58.864
2456980.824195845518 20141118 19:03:50.5 176.338 58.851
2456980.824195845518 20141118 19:04:50.5 176.613 58.840
2456980.824195845518 20141118 19:05:50.5 176.888 58.829
2456980.824195845518 20141118 19:06:50.5 177.164 58.819
2456980.824195845518 20141118 19:07:50.5 177.439 58.810
2456980.824195845518 20141118 19:08:50.5 177.715 58.802
2456980.824195845518 20141118 19:09:50.5 177.990 58.795
2456980.824195845518 20141118 19:10:50.5 178.266 58.789
2456980.824195845518 20141118 19:11:50.5 178.542 58.784
2456980.824195845518 20141118 19:12:50.5 178.817 58.779
2456980.824195845518 20141118 19:13:50.5 179.093 58.776
2456980.824195845518 20141118 19:14:50.5 179.369 58.774
2456980.824195845518 20141118 19:15:50.5 179.644 58.772
2456980.824195845518 20141118 19:16:50.5 179.920 58.772
2456980.824195845518 20141118 19:17:50.5 180.196 58.772
2456980.824195845518 20141118 19:18:50.5 180.472 58.773
2456980.824195845518 20141118 19:19:50.5 180.747 58.775
2456980.824195845518 20141118 19:20:50.5 181.023 58.779
2456980.824195845518 20141118 19:21:50.5 181.299 58.783
2456980.824195845518 20141118 19:22:50.5 181.575 58.788
2456980.824195845518 20141118 19:23:50.5 181.850 58.794
2456980.824195845518 20141118 19:24:50.5 182.126 58.800
2456980.824195845518 20141118 19:25:50.5 182.401 58.808
2456980.824195845518 20141118 19:26:50.5 182.677 58.817
2456980.824195845518 20141118 19:27:50.5 182.952 58.827
2456980.824195845518 20141118 19:28:50.5 183.227 58.837
2456980.824195845518 20141118 19:29:50.5 183.503 58.849
2456980.824195845518 20141118 19:30:50.5 183.778 58.861
2456980.824195845518 20141118 19:31:50.5 184.053 58.874
2456980.824195845518 20141118 19:32:50.5 184.328 58.889
2456980.824195845518 20141118 19:33:50.5 184.603 58.904
2456980.824195845518 20141118 19:34:50.5 184.877 58.920
2456980.824195845518 20141118 19:35:50.5 185.152 58.937
2456980.824195845518 20141118 19:36:50.5 185.426 58.955
2456980.824195845518 20141118 19:37:50.5 185.701 58.974
2456980.824195845518 20141118 19:38:50.5 185.975 58.993
2456980.824195845518 20141118 19:39:50.5 186.249 59.014
2456980.824195845518 20141118 19:40:50.5 186.523 59.036
2456980.824195845518 20141118 19:41:50.5 186.796 59.058
2456980.824195845518 20141118 19:42:50.5 187.070 59.082
2456980.824195845518 20141118 19:43:50.5 187.343 59.106
2456980.824195845518 20141118 19:44:50.5 187.617 59.131
2456980.824195845518 20141118 19:45:50.5 187.890 59.158
2456980.824195845518 20141118 19:46:50.5 188.162 59.185
2456980.824195845518 20141118 19:47:50.5 188.435 59.213
2456980.824195845518 20141118 19:48:50.5 188.707 59.242
2456980.824195845518 20141118 19:49:50.5 188.979 59.271
2456980.824195845518 20141118 19:50:50.5 189.251 59.302
2456980.824195845518 20141118 19:51:50.5 189.523 59.334
2456980.824195845518 20141118 19:52:50.5 189.795 59.366
2456980.824195845518 20141118 19:53:50.5 190.066 59.400
2456980.824195845518 20141118 19:54:50.5 190.337 59.434
2456980.824195845518 20141118 19:55:50.5 190.608 59.469
2456980.824195845518 20141118 19:56:50.5 190.878 59.505
2456980.824195845518 20141118 19:57:50.5 191.148 59.542
2456980.824195845518 20141118 19:58:50.5 191.418 59.580
2456980.824195845518 20141118 19:59:50.5 191.688 59.619
2456980.824195845518 20141118 20:00:50.5 191.957 59.659
2456980.824195845518 20141118 20:01:50.5 192.226 59.699
2456980.824195845518 20141118 20:02:50.5 192.495 59.741
2456980.824195845518 20141118 20:03:50.5 192.764 59.783
2456980.824195845518 20141118 20:04:50.5 193.032 59.826
2456980.824195845518 20141118 20:05:50.5 193.300 59.870
2456980.824195845518 20141118 20:06:50.5 193.567 59.915
2456980.824195845518 20141118 20:07:50.5 193.834 59.961
2456980.824195845518 20141118 20:08:50.5 194.101 60.008
2456980.824195845518 20141118 20:09:50.5 194.368 60.055
2456980.824195845518 20141118 20:10:50.5 194.634 60.104
2456980.824195845518 20141118 20:11:50.5 194.900 60.153
2456980.824195845518 20141118 20:12:50.5 195.166 60.203
2456980.824195845518 20141118 20:13:50.5 195.431 60.254
2456980.824195845518 20141118 20:14:50.5 195.696 60.306
2456980.824195845518 20141118 20:15:50.5 195.960 60.359
2456980.824195845518 20141118 20:16:50.5 196.224 60.412
2456980.824195845518 20141118 20:17:50.5 196.488 60.467
2456980.824195845518 20141118 20:18:50.5 196.751 60.522
2456980.824195845518 20141118 20:19:50.5 197.014 60.578
2456980.824195845518 20141118 20:20:50.5 197.277 60.635
2456980.824195845518 20141118 20:21:50.5 197.539 60.693
2456980.824195845518 20141118 20:22:50.5 197.801 60.752
2456980.824195845518 20141118 20:23:50.5 198.062 60.811
2456980.824195845518 20141118 20:24:50.5 198.323 60.872
2456980.824195845518 20141118 20:25:50.5 198.584 60.933
2456980.824195845518 20141118 20:26:50.5 198.844 60.995
2456980.824195845518 20141118 20:27:50.5 199.104 61.058
2456980.824195845518 20141118 20:28:50.5 199.363 61.122
2456980.824195845518 20141118 20:29:50.5 199.622 61.186
2456980.824195845518 20141118 20:30:50.5 199.881 61.251
2456980.824195845518 20141118 20:31:50.5 200.139 61.318
2456980.824195845518 20141118 20:32:50.5 200.396 61.384
2456980.824195845518 20141118 20:33:50.5 200.654 61.452
2456980.824195845518 20141118 20:34:50.5 200.910 61.521
2456980.824195845518 20141118 20:35:50.5 201.167 61.590
2456980.824195845518 20141118 20:36:50.5 201.422 61.660
2456980.824195845518 20141118 20:37:50.5 201.678 61.731
2456980.824195845518 20141118 20:38:50.5 201.933 61.803
2456980.824195845518 20141118 20:39:50.5 202.187 61.876
2456980.824195845518 20141118 20:40:50.5 202.441 61.949
2456980.824195845518 20141118 20:41:50.5 202.695 62.023
2456980.824195845518 20141118 20:42:50.5 202.948 62.098
2456980.824195845518 20141118 20:43:50.5 203.200 62.174
2456980.824195845518 20141118 20:44:50.5 203.452 62.250
2456980.824195845518 20141118 20:45:50.5 203.704 62.328
2456980.824195845518 20141118 20:46:50.5 203.955 62.406
2456980.824195845518 20141118 20:47:50.5 204.206 62.484
2456980.824195845518 20141118 20:48:50.5 204.456 62.564
2456980.824195845518 20141118 20:49:50.5 204.705 62.644
2456980.824195845518 20141118 20:50:50.5 204.955 62.726
2456980.824195845518 20141118 20:51:50.5 205.203 62.807
2456980.824195845518 20141118 20:52:50.5 205.451 62.890
2456980.824195845518 20141118 20:53:50.5 205.699 62.973
2456980.824195845518 20141118 20:54:50.5 205.946 63.058
2456980.824195845518 20141118 20:55:50.5 206.193 63.142
2456980.824195845518 20141118 20:56:50.5 206.439 63.228
2456980.824195845518 20141118 20:57:50.5 206.685 63.314
2456980.824195845518 20141118 20:58:50.5 206.930 63.402
2456980.824195845518 20141118 20:59:50.5 207.174 63.489
2456980.824195845518 20141118 21:00:50.5 207.418 63.578
2456980.824195845518 20141118 21:01:50.5 207.662 63.667
2456980.824195845518 20141118 21:02:50.5 207.905 63.757
2456980.824195845518 20141118 21:03:50.5 208.147 63.848
2456980.824195845518 20141118 21:04:50.5 208.389 63.939
2456980.824195845518 20141118 21:05:50.5 208.631 64.032
2456980.824195845518 20141118 21:06:50.5 208.872 64.124
2456980.824195845518 20141118 21:07:50.5 209.112 64.218
2456980.824195845518 20141118 21:08:50.5 209.352 64.312
2456980.824195845518 20141118 21:09:50.5 209.591 64.407
2456980.824195845518 20141118 21:10:50.5 209.830 64.503
2456980.824195845518 20141118 21:11:50.5 210.068 64.599
2456980.824195845518 20141118 21:12:50.5 210.306 64.696
2456980.824195845518 20141118 21:13:50.5 210.543 64.794
2456980.824195845518 20141118 21:14:50.5 210.780 64.893
2456980.824195845518 20141118 21:15:50.5 211.016 64.992
2456980.824195845518 20141118 21:16:50.5 211.252 65.092
2456980.824195845518 20141118 21:17:50.5 211.487 65.192
2456980.824195845518 20141118 21:18:50.5 211.721 65.293
2456980.824195845518 20141118 21:19:50.5 211.955 65.395
2456980.824195845518 20141118 21:20:50.5 212.188 65.498
2456980.824195845518 20141118 21:21:50.5 212.421 65.601
2456980.824195845518 20141118 21:22:50.5 212.654 65.705
2456980.824195845518 20141118 21:23:50.5 212.885 65.809
2456980.824195845518 20141118 21:24:50.5 213.117 65.914
2456980.824195845518 20141118 21:25:50.5 213.347 66.020
2456980.824195845518 20141118 21:26:50.5 213.577 66.126
2456980.824195845518 20141118 21:27:50.5 213.807 66.233
2456980.824195845518 20141118 21:28:50.5 214.036 66.341
2456980.824195845518 20141118 21:29:50.5 214.264 66.449
2456980.824195845518 20141118 21:30:50.5 214.492 66.558
2456980.824195845518 20141118 21:31:50.5 214.720 66.668
2456980.824195845518 20141118 21:32:50.5 214.946 66.778
2456980.824195845518 20141118 21:33:50.5 215.173 66.889
2456980.824195845518 20141118 21:34:50.5 215.398 67.001
2456980.824195845518 20141118 21:35:50.5 215.624 67.113
2456980.824195845518 20141118 21:36:50.5 215.848 67.225
2456980.824195845518 20141118 21:37:50.5 216.072 67.339
2456980.824195845518 20141118 21:38:50.5 216.296 67.453
2456980.824195845518 20141118 21:39:50.5 216.519 67.567
2456980.824195845518 20141118 21:40:50.5 216.741 67.682
2456980.824195845518 20141118 21:41:50.5 216.963 67.798
2456980.824195845518 20141118 21:42:50.5 217.184 67.914
2456980.824195845518 20141118 21:43:50.5 217.405 68.031
2456980.824195845518 20141118 21:44:50.5 217.625 68.149
2456980.824195845518 20141118 21:45:50.5 217.845 68.267
2456980.824195845518 20141118 21:46:50.5 218.064 68.385
2456980.824195845518 20141118 21:47:50.5 218.283 68.505
2456980.824195845518 20141118 21:48:50.5 218.501 68.624
2456980.824195845518 20141118 21:49:50.5 218.718 68.745
2456980.824195845518 20141118 21:50:50.5 218.935 68.866
2456980.824195845518 20141118 21:51:50.5 219.152 68.987
2456980.824195845518 20141118 21:52:50.5 219.368 69.109
2456980.824195845518 20141118 21:53:50.5 219.583 69.232
2456980.824195845518 20141118 21:54:50.5 219.798 69.355
2456980.824195845518 20141118 21:55:50.5 220.012 69.479
2456980.824195845518 20141118 21:56:50.5 220.226 69.603
2456980.824195845518 20141118 21:57:50.5 220.439 69.728
2456980.824195845518 20141118 21:58:50.5 220.652 69.853
2456980.824195845518 20141118 21:59:50.5 220.864 69.979
2456980.824195845518 20141118 22:00:50.5 221.075 70.106
2456980.824195845518 20141118 22:01:50.5 221.286 70.233
2456980.824195845518 20141118 22:02:50.5 221.497 70.360
2456980.824195845518 20141118 22:03:50.5 221.707 70.488
2456980.824195845518 20141118 22:04:50.5 221.916 70.617
2456980.824195845518 20141118 22:05:50.5 222.125 70.746
2456980.824195845518 20141118 22:06:50.5 222.333 70.875
2456980.824195845518 20141118 22:07:50.5 222.541 71.005
2456980.824195845518 20141118 22:08:50.5 222.749 71.136
2456980.824195845518 20141118 22:09:50.5 222.955 71.267
2456980.824195845518 20141118 22:10:50.5 223.162 71.399
2456980.824195845518 20141118 22:11:50.5 223.367 71.531
2456980.824195845518 20141118 22:12:50.5 223.573 71.664
2456980.824195845518 20141118 22:13:50.5 223.777 71.797
2456980.824195845518 20141118 22:14:50.5 223.982 71.930
2456980.824195845518 20141118 22:15:50.5 224.185 72.064
2456980.824195845518 20141118 22:16:50.5 224.389 72.199
2456980.824195845518 20141118 22:17:50.5 224.591 72.334
2456980.824195845518 20141118 22:18:50.5 224.793 72.470
2456980.824195845518 20141118 22:19:50.5 224.995 72.606
2456980.824195845518 20141118 22:20:50.5 225.196 72.742
2456980.824195845518 20141118 22:21:50.5 225.397 72.879
2456980.824195845518 20141118 22:22:50.5 225.597 73.017
2456980.824195845518 20141118 22:23:50.5 225.797 73.154
2456980.824195845518 20141118 22:24:50.5 225.996 73.293
2456980.824195845518 20141118 22:25:50.5 226.194 73.432
2456980.824195845518 20141118 22:26:50.5 226.392 73.571
2456980.824195845518 20141118 22:27:50.5 226.590 73.711
2456980.824195845518 20141118 22:28:50.5 226.787 73.851
2456980.824195845518 20141118 22:29:50.5 226.984 73.991
2456980.824195845518 20141118 22:30:50.5 227.180 74.132
2456980.824195845518 20141118 22:31:50.5 227.376 74.274
2456980.824195845518 20141118 22:32:50.5 227.571 74.416
2456980.824195845518 20141118 22:33:50.5 227.766 74.558
2456980.824195845518 20141118 22:34:50.5 227.960 74.701
2456980.824195845518 20141118 22:35:50.5 228.154 74.844
2456980.824195845518 20141118 22:36:50.5 228.347 74.988
2456980.824195845518 20141118 22:37:50.5 228.540 75.132
2456980.824195845518 20141118 22:38:50.5 228.732 75.277
2456980.824195845518 20141118 22:39:50.5 228.924 75.422
2456980.824195845518 20141118 22:40:50.5 229.115 75.567
2456980.824195845518 20141118 22:41:50.5 229.306 75.713
2456980.824195845518 20141118 22:42:50.5 229.497 75.859
2456980.824195845518 20141118 22:43:50.5 229.686 76.005
2456980.824195845518 20141118 22:44:50.5 229.876 76.152
2456980.824195845518 20141118 22:45:50.5 230.065 76.300
2456980.824195845518 20141118 22:46:50.5 230.254 76.447
2456980.824195845518 20141118 22:47:50.5 230.442 76.595
2456980.824195845518 20141118 22:48:50.5 230.629 76.744
2456980.824195845518 20141118 22:49:50.5 230.817 76.893
2456980.824195845518 20141118 22:50:50.5 231.003 77.042
2456980.824195845518 20141118 22:51:50.5 231.190 77.192
2456980.824195845518 20141118 22:52:50.5 231.376 77.342
2456980.824195845518 20141118 22:53:50.5 231.561 77.492
2456980.824195845518 20141118 22:54:50.5 231.746 77.643
2456980.824195845518 20141118 22:55:50.5 231.931 77.794
2456980.824195845518 20141118 22:56:50.5 232.115 77.946
2456980.824195845518 20141118 22:57:50.5 232.299 78.098
2456980.824195845518 20141118 22:58:50.5 232.482 78.250
2456980.824195845518 20141118 22:59:50.5 232.665 78.403
2456980.824195845518 20141118 23:00:50.5 232.847 78.556
2456980.824195845518 20141118 23:01:50.5 233.029 78.709
2456980.824195845518 20141118 23:02:50.5 233.211 78.863
2456980.824195845518 20141118 23:03:50.5 233.392 79.017
2456980.824195845518 20141118 23:04:50.5 233.573 79.171
2456980.824195845518 20141118 23:05:50.5 233.753 79.326
2456980.824195845518 20141118 23:06:50.5 233.933 79.481
2456980.824195845518 20141118 23:07:50.5 234.112 79.636
2456980.824195845518 20141118 23:08:50.5 234.291 79.792
2456980.824195845518 20141118 23:09:50.5 234.470 79.948
2456980.824195845518 20141118 23:10:50.5 234.648 80.104
2456980.824195845518 20141118 23:11:50.5 234.826 80.261
2456980.824195845518 20141118 23:12:50.5 235.004 80.417
2456980.824195845518 20141118 23:13:50.5 235.181 80.575
2456980.824195845518 20141118 23:14:50.5 235.357 80.732
2456980.824195845518 20141118 23:15:50.5 235.534 80.890
2456980.824195845518 20141118 23:16:50.5 235.710 81.048
2456980.824195845518 20141118 23:17:50.5 235.885 81.207
2456980.824195845518 20141118 23:18:50.5 236.060 81.365
2456980.824195845518 20141118 23:19:50.5 236.235 81.524
2456980.824195845518 20141118 23:20:50.5 236.409 81.684
2456980.824195845518 20141118 23:21:50.5 236.583 81.843
2456980.824195845518 20141118 23:22:50.5 236.757 82.003
2456980.824195845518 20141118 23:23:50.5 236.930 82.163
2456980.824195845518 20141118 23:24:50.5 237.103 82.323
2456980.824195845518 20141118 23:25:50.5 237.276 82.484
2456980.824195845518 20141118 23:26:50.5 237.448 82.645
2456980.824195845518 20141118 23:27:50.5 237.619 82.806
2456980.824195845518 20141118 23:28:50.5 237.791 82.967
2456980.824195845518 20141118 23:29:50.5 237.962 83.129
2456980.824195845518 20141118 23:30:50.5 238.133 83.290
2456980.824195845518 20141118 23:31:50.5 238.303 83.452
2456980.824195845518 20141118 23:32:50.5 238.473 83.615
2456980.824195845518 20141118 23:33:50.5 238.643 83.777
2456980.824195845518 20141118 23:34:50.5 238.812 83.940
2456980.824195845518 20141118 23:35:50.5 238.981 84.102
2456980.824195845518 20141118 23:36:50.5 239.150 84.265
2456980.824195845518 20141118 23:37:50.5 239.318 84.428
2456980.824195845518 20141118 23:38:50.5 239.486 84.592
2456980.824195845518 20141118 23:39:50.5 239.653 84.755
2456980.824195845518 20141118 23:40:50.5 239.821 84.919
2456980.824195845518 20141118 23:41:50.5 239.988 85.082
2456980.824195845518 20141118 23:42:50.5 240.154 85.246
2456980.824195845518 20141118 23:43:50.5 240.321 85.410
2456980.824195845518 20141118 23:44:50.5 240.487 85.574
2456980.824195845518 20141118 23:45:50.5 240.652 85.738
2456980.824195845518 20141118 23:46:50.5 240.818 85.902
2456980.824195845518 20141118 23:47:50.5 240.983 86.066
2456980.824195845518 20141118 23:48:50.5 241.148 86.230
2456980.824195845518 20141118 23:49:50.5 241.312 86.394
2456980.824195845518 20141118 23:50:50.5 241.476 86.558
2456980.824195845518 20141118 23:51:50.5 241.640 86.721
2456980.824195845518 20141118 23:52:50.5 241.804 86.885
2456980.824195845518 20141118 23:53:50.5 241.967 87.049
2456980.824195845518 20141118 23:54:50.5 242.130 87.212
2456980.824195845518 20141118 23:55:50.5 242.292 87.375
2456980.824195845518 20141118 23:56:50.5 242.455 87.538
2456980.824195845518 20141118 23:57:50.5 242.617 87.701
2456980.824195845518 20141118 23:58:50.5 242.779 87.863
2456980.824195845518 20141118 23:59:50.5 242.940 88.025
2456980.824195845518 20141119 00:00:50.5 243.101 88.186
2456980.824195845518 20141119 00:01:50.5 243.262 88.347
2456980.824195845518 20141119 00:02:50.5 243.423 88.507
2456980.824195845518 20141119 00:03:50.5 243.583 88.666
2456980.824195845518 20141119 00:04:50.5 243.744 88.825
2456980.824195845518 20141119 00:05:50.5 243.904 88.983
2456980.824195845518 20141119 00:06:50.5 244.063 89.140
2456980.824195845518 20141119 00:07:50.5 244.223 89.295
2456980.824195845518 20141119 00:08:50.5 244.382 89.450
2456980.824195845518 20141119 00:09:50.5 244.540 89.603
2456980.824195845518 20141119 00:10:50.5 244.699 89.755
2456980.824195845518 20141119 00:11:50.5 244.857 89.906
