2456980.824195845518 20140818 12:49:51.0 72.714 89.932
2456980.824195845518 20140818 12:50:51.0 72.874 89.773
2456980.824195845518 20140818 12:51:51.0 73.033 89.613
2456980.824195845518 20140818 12:52:51.0 73.192 89.450
2456980.824195845518 20140818 12:53:51.0 73.351 89.286
2456980.824195845518 20140818 12:54:51.0 73.509 89.121
2456980.824195845518 20140818 12:55:51.0 73.668 88.953
2456980.824195845518 20140818 12:56:51.0 73.826 88.784
2456980.824195845518 20140818 12:57:51.0 73.984 88.614
2456980.824195845518 20140818 12:58:51.0 74.142 88.443
2456980.824195845518 20140818 12:59:51.0 74.300 88.270
2456980.824195845518 20140818 13:00:51.0 74.458 88.096
2456980.824195845518 20140818 13:01:51.0 74.615 87.922
2456980.824195845518 20140818 13:02:51.0 74.772 87.746
2456980.824195845518 20140818 13:03:51.0 74.930 87.570
2456980.824195845518 20140818 13:04:51.0 75.087 87.392
2456980.824195845518 20140818 13:05:51.0 75.244 87.214
2456980.824195845518 20140818 13:06:51.0 75.400 87.035
2456980.824195845518 20140818 13:07:51.0 75.557 86.856
2456980.824195845518 20140818 13:08:51.0 75.713 86.676
2456980.824195845518 20140818 13:09:51.0 75.870 86.495
2456980.824195845518 20140818 13:10:51.0 76.026 86.314
2456980.824195845518 20140818 13:11:51.0 76.182 86.133
2456980.824195845518 20140818 13:12:51.0 76.338 85.951
2456980.824195845518 20140818 13:13:51.0 76.494 85.768
2456980.824195845518 20140818 13:14:51.0 76.650 85.585
2456980.824195845518 20140818 13:15:51.0 76.806 85.402
2456980.824195845518 20140818 13:16:51.0 76.961 85.218
2456980.824195845518 20140818 13:17:51.0 77.117 85.035
2456980.824195845518 20140818 13:18:51.0 77.272 84.850
2456980.824195845518 20140818 13:19:51.0 77.427 84.666
2456980.824195845518 20140818 13:20:51.0 77.582 84.481
2456980.824195845518 20140818 13:21:51.0 77.738 84.296
2456980.824195845518 20140818 13:22:51.0 77.893 84.110
2456980.824195845518 20140818 13:23:51.0 78.048 83.924
2456980.824195845518 20140818 13:24:51.0 78.202 83.738
2456980.824195845518 20140818 13:25:51.0 78.357 83.552
2456980.824195845518 20140818 13:26:51.0 78.512 83.366
2456980.824195845518 20140818 13:27:51.0 78.666 83.179
2456980.824195845518 20140818 13:28:51.0 78.821 82.992
2456980.824195845518 20140818 13:29:51.0 78.976 82.805
2456980.824195845518 20140818 13:30:51.0 79.130 82.618
2456980.824195845518 20140818 13:31:51.0 79.284 82.431
2456980.824195845518 20140818 13:32:51.0 79.439 82.243
2456980.824195845518 20140818 13:33:51.0 79.593 82.055
2456980.824195845518 20140818 13:34:51.0 79.747 81.867
2456980.824195845518 20140818 13:35:51.0 79.901 81.679
2456980.824195845518 20140818 13:36:51.0 80.055 81.491
2456980.824195845518 20140818 13:37:51.0 80.210 81.303
2456980.824195845518 20140818 13:38:51.0 80.364 81.114
2456980.824195845518 20140818 13:39:51.0 80.518 80.925
2456980.824195845518 20140818 13:40:51.0 80.672 80.737
2456980.824195845518 20140818 13:41:51.0 80.826 80.548
2456980.824195845518 20140818 13:42:51.0 80.980 80.359
2456980.824195845518 20140818 13:43:51.0 81.134 80.169
2456980.824195845518 20140818 13:44:51.0 81.288 79.980
2456980.824195845518 20140818 13:45:51.0 81.442 79.790
2456980.824195845518 20140818 13:46:51.0 81.595 79.601
2456980.824195845518 20140818 13:47:51.0 81.749 79.411
2456980.824195845518 20140818 13:48:51.0 81.903 79.221
2456980.824195845518 20140818 13:49:51.0 82.057 79.031
2456980.824195845518 20140818 13:50:51.0 82.211 78.841
2456980.824195845518 20140818 13:51:51.0 82.365 78.651
2456980.824195845518 20140818 13:52:51.0 82.519 78.461
2456980.824195845518 20140818 13:53:51.0 82.673 78.271
2456980.824195845518 20140818 13:54:51.0 82.827 78.080
2456980.824195845518 20140818 13:55:51.0 82.981 77.890
2456980.824195845518 20140818 13:56:51.0 83.135 77.699
2456980.824195845518 20140818 13:57:51.0 83.289 77.508
2456980.824195845518 20140818 13:58:51.0 83.443 77.318
2456980.824195845518 20140818 13:59:51.0 83.597 77.127
2456980.824195845518 20140818 14:00:51.0 83.752 76.936
2456980.824195845518 20140818 14:01:51.0 83.906 76.745
2456980.824195845518 20140818 14:02:51.0 84.060 76.554
2456980.824195845518 20140818 14:03:51.0 84.215 76.363
2456980.824195845518 20140818 14:04:51.0 84.369 76.171
2456980.824195845518 20140818 14:05:51.0 84.523 75.980
2456980.824195845518 20140818 14:06:51.0 84.678 75.789
2456980.824195845518 20140818 14:07:51.0 84.832 75.597
2456980.824195845518 20140818 14:08:51.0 84.987 75.406
2456980.824195845518 20140818 14:09:51.0 85.142 75.214
2456980.824195845518 20140818 14:10:51.0 85.297 75.023
2456980.824195845518 20140818 14:11:51.0 85.452 74.831
2456980.824195845518 20140818 14:12:51.0 85.607 74.639
2456980.824195845518 20140818 14:13:51.0 85.762 74.447
2456980.824195845518 20140818 14:14:51.0 85.917 74.255
2456980.824195845518 20140818 14:15:51.0 86.072 74.064
2456980.824195845518 20140818 14:16:51.0 86.227 73.872
2456980.824195845518 20140818 14:17:51.0 86.383 73.680
2456980.824195845518 20140818 14:18:51.0 86.538 73.488
2456980.824195845518 20140818 14:19:51.0 86.694 73.296
2456980.824195845518 20140818 14:20:51.0 86.850 73.103
2456980.824195845518 20140818 14:21:51.0 87.006 72.911
2456980.824195845518 20140818 14:22:51.0 87.162 72.719
2456980.824195845518 20140818 14:23:51.0 87.318 72.527
2456980.824195845518 20140818 14:24:51.0 87.474 72.335
2456980.824195845518 20140818 14:25:51.0 87.631 72.142
2456980.824195845518 20140818 14:26:51.0 87.787 71.950
2456980.824195845518 20140818 14:27:51.0 87.944 71.758
2456980.824195845518 20140818 14:28:51.0 88.101 71.565
2456980.824195845518 20140818 14:29:51.0 88.258 71.373
2456980.824195845518 20140818 14:30:51.0 88.415 71.180
2456980.824195845518 20140818 14:31:51.0 88.573 70.988
2456980.824195845518 20140818 14:32:51.0 88.730 70.795
2456980.824195845518 20140818 14:33:51.0 88.888 70.603
2456980.824195845518 20140818 14:34:51.0 89.046 70.410
2456980.824195845518 20140818 14:35:51.0 89.204 70.218
2456980.824195845518 20140818 14:36:51.0 89.362 70.025
2456980.824195845518 20140818 14:37:51.0 89.520 69.833
2456980.824195845518 20140818 14:38:51.0 89.679 69.640
2456980.824195845518 20140818 14:39:51.0 89.838 69.448
2456980.824195845518 20140818 14:40:51.0 89.997 69.255
2456980.824195845518 20140818 14:41:51.0 90.156 69.063
2456980.824195845518 20140818 14:42:51.0 90.315 68.870
2456980.824195845518 20140818 14:43:51.0 90.475 68.677
2456980.824195845518 20140818 14:44:51.0 90.634 68.485
2456980.824195845518 20140818 14:45:51.0 90.795 68.292
2456980.824195845518 20140818 14:46:51.0 90.955 68.100
2456980.824195845518 20140818 14:47:51.0 91.115 67.907
2456980.824195845518 20140818 14:48:51.0 91.276 67.714
2456980.824195845518 20140818 14:49:51.0 91.437 67.522
2456980.824195845518 20140818 14:50:51.0 91.598 67.329
2456980.824195845518 20140818 14:51:51.0 91.760 67.137
2456980.824195845518 20140818 14:52:51.0 91.921 66.944
2456980.824195845518 20140818 14:53:51.0 92.083 66.752
2456980.824195845518 20140818 14:54:51.0 92.246 66.559
2456980.824195845518 20140818 14:55:51.0 92.408 66.367
2456980.824195845518 20140818 14:56:51.0 92.571 66.174
2456980.824195845518 20140818 14:57:51.0 92.734 65.982
2456980.824195845518 20140818 14:58:51.0 92.897 65.789
2456980.824195845518 20140818 14:59:51.0 93.061 65.597
2456980.824195845518 20140818 15:00:51.0 93.225 65.404
2456980.824195845518 20140818 15:01:51.0 93.389 65.212
2456980.824195845518 20140818 15:02:51.0 93.553 65.020
2456980.824195845518 20140818 15:03:51.0 93.718 64.827
2456980.824195845518 20140818 15:04:51.0 93.883 64.635
2456980.824195845518 20140818 15:05:51.0 94.049 64.443
2456980.824195845518 20140818 15:06:51.0 94.214 64.251
2456980.824195845518 20140818 15:07:51.0 94.381 64.059
2456980.824195845518 20140818 15:08:51.0 94.547 63.867
2456980.824195845518 20140818 15:09:51.0 94.714 63.674
2456980.824195845518 20140818 15:10:51.0 94.881 63.482
2456980.824195845518 20140818 15:11:51.0 95.048 63.290
2456980.824195845518 20140818 15:12:51.0 95.216 63.098
2456980.824195845518 20140818 15:13:51.0 95.384 62.907
2456980.824195845518 20140818 15:14:51.0 95.553 62.715
2456980.824195845518 20140818 15:15:51.0 95.722 62.523
2456980.824195845518 20140818 15:16:51.0 95.891 62.331
2456980.824195845518 20140818 15:17:51.0 96.061 62.140
2456980.824195845518 20140818 15:18:51.0 96.231 61.948
2456980.824195845518 20140818 15:19:51.0 96.401 61.756
2456980.824195845518 20140818 15:20:51.0 96.572 61.565
2456980.824195845518 20140818 15:21:51.0 96.743 61.373
2456980.824195845518 20140818 15:22:51.0 96.915 61.182
2456980.824195845518 20140818 15:23:51.0 97.087 60.991
2456980.824195845518 20140818 15:24:51.0 97.259 60.800
2456980.824195845518 20140818 15:25:51.0 97.432 60.608
2456980.824195845518 20140818 15:26:51.0 97.606 60.417
2456980.824195845518 20140818 15:27:51.0 97.780 60.226
2456980.824195845518 20140818 15:28:51.0 97.954 60.035
2456980.824195845518 20140818 15:29:51.0 98.129 59.844
2456980.824195845518 20140818 15:30:51.0 98.304 59.654
2456980.824195845518 20140818 15:31:51.0 98.479 59.463
2456980.824195845518 20140818 15:32:51.0 98.655 59.272
2456980.824195845518 20140818 15:33:51.0 98.832 59.082
2456980.824195845518 20140818 15:34:51.0 99.009 58.891
2456980.824195845518 20140818 15:35:51.0 99.187 58.701
2456980.824195845518 20140818 15:36:51.0 99.365 58.511
2456980.824195845518 20140818 15:37:51.0 99.543 58.321
2456980.824195845518 20140818 15:38:51.0 99.722 58.131
2456980.824195845518 20140818 15:39:51.0 99.902 57.941
2456980.824195845518 20140818 15:40:51.0 100.082 57.751
2456980.824195845518 20140818 15:41:51.0 100.263 57.561
2456980.824195845518 20140818 15:42:51.0 100.444 57.372
2456980.824195845518 20140818 15:43:51.0 100.626 57.182
2456980.824195845518 20140818 15:44:51.0 100.808 56.993
2456980.824195845518 20140818 15:45:51.0 100.991 56.803
2456980.824195845518 20140818 15:46:51.0 101.174 56.614
2456980.824195845518 20140818 15:47:51.0 101.359 56.425
2456980.824195845518 20140818 15:48:51.0 101.543 56.236
2456980.824195845518 20140818 15:49:51.0 101.728 56.047
2456980.824195845518 20140818 15:50:51.0 101.914 55.859
2456980.824195845518 20140818 15:51:51.0 102.101 55.670
2456980.824195845518 20140818 15:52:51.0 102.288 55.482
2456980.824195845518 20140818 15:53:51.0 102.475 55.293
2456980.824195845518 20140818 15:54:51.0 102.664 55.105
2456980.824195845518 20140818 15:55:51.0 102.852 54.917
2456980.824195845518 20140818 15:56:51.0 103.042 54.729
2456980.824195845518 20140818 15:57:51.0 103.232 54.541
2456980.824195845518 20140818 15:58:51.0 103.423 54.354
2456980.824195845518 20140818 15:59:51.0 103.615 54.166
2456980.824195845518 20140818 16:00:51.0 103.807 53.979
2456980.824195845518 20140818 16:01:51.0 104.000 53.792
2456980.824195845518 20140818 16:02:51.0 104.193 53.605
2456980.824195845518 20140818 16:03:51.0 104.388 53.418
2456980.824195845518 20140818 16:04:51.0 104.583 53.232
2456980.824195845518 20140818 16:05:51.0 104.779 53.045
2456980.824195845518 20140818 16:06:51.0 104.975 52.859
2456980.824195845518 20140818 16:07:51.0 105.172 52.673
2456980.824195845518 20140818 16:08:51.0 105.370 52.487
2456980.824195845518 20140818 16:09:51.0 105.569 52.301
2456980.824195845518 20140818 16:10:51.0 105.769 52.115
2456980.824195845518 20140818 16:11:51.0 105.969 51.930
2456980.824195845518 20140818 16:12:51.0 106.170 51.744
2456980.824195845518 20140818 16:13:51.0 106.372 51.559
2456980.824195845518 20140818 16:14:51.0 106.575 51.374
2456980.824195845518 20140818 16:15:51.0 106.778 51.190
2456980.824195845518 20140818 16:16:51.0 106.982 51.005
2456980.824195845518 20140818 16:17:51.0 107.188 50.821
2456980.824195845518 20140818 16:18:51.0 107.394 50.637
2456980.824195845518 20140818 16:19:51.0 107.600 50.453
2456980.824195845518 20140818 16:20:51.0 107.808 50.269
2456980.824195845518 20140818 16:21:51.0 108.017 50.086
2456980.824195845518 20140818 16:22:51.0 108.226 49.903
2456980.824195845518 20140818 16:23:51.0 108.437 49.720
2456980.824195845518 20140818 16:24:51.0 108.648 49.537
2456980.824195845518 20140818 16:25:51.0 108.860 49.354
2456980.824195845518 20140818 16:26:51.0 109.073 49.172
2456980.824195845518 20140818 16:27:51.0 109.287 48.990
2456980.824195845518 20140818 16:28:51.0 109.502 48.808
2456980.824195845518 20140818 16:29:51.0 109.718 48.626
2456980.824195845518 20140818 16:30:51.0 109.935 48.445
2456980.824195845518 20140818 16:31:51.0 110.153 48.264
2456980.824195845518 20140818 16:32:51.0 110.372 48.083
2456980.824195845518 20140818 16:33:51.0 110.592 47.902
2456980.824195845518 20140818 16:34:51.0 110.813 47.722
2456980.824195845518 20140818 16:35:51.0 111.035 47.542
2456980.824195845518 20140818 16:36:51.0 111.258 47.362
2456980.824195845518 20140818 16:37:51.0 111.482 47.182
2456980.824195845518 20140818 16:38:51.0 111.707 47.003
2456980.824195845518 20140818 16:39:51.0 111.933 46.824
2456980.824195845518 20140818 16:40:51.0 112.161 46.645
2456980.824195845518 20140818 16:41:51.0 112.389 46.467
2456980.824195845518 20140818 16:42:51.0 112.619 46.289
2456980.824195845518 20140818 16:43:51.0 112.849 46.111
2456980.824195845518 20140818 16:44:51.0 113.081 45.934
2456980.824195845518 20140818 16:45:51.0 113.314 45.756
2456980.824195845518 20140818 16:46:51.0 113.548 45.579
2456980.824195845518 20140818 16:47:51.0 113.783 45.403
2456980.824195845518 20140818 16:48:51.0 114.020 45.227
2456980.824195845518 20140818 16:49:51.0 114.257 45.051
2456980.824195845518 20140818 16:50:51.0 114.496 44.875
2456980.824195845518 20140818 16:51:51.0 114.736 44.700
2456980.824195845518 20140818 16:52:51.0 114.978 44.525
2456980.824195845518 20140818 16:53:51.0 115.220 44.350
2456980.824195845518 20140818 16:54:51.0 115.464 44.176
2456980.824195845518 20140818 16:55:51.0 115.709 44.002
2456980.824195845518 20140818 16:56:51.0 115.956 43.828
2456980.824195845518 20140818 16:57:51.0 116.204 43.655
2456980.824195845518 20140818 16:58:51.0 116.453 43.482
2456980.824195845518 20140818 16:59:51.0 116.703 43.310
2456980.824195845518 20140818 17:00:51.0 116.955 43.138
2456980.824195845518 20140818 17:01:51.0 117.208 42.966
2456980.824195845518 20140818 17:02:51.0 117.463 42.795
2456980.824195845518 20140818 17:03:51.0 117.719 42.624
2456980.824195845518 20140818 17:04:51.0 117.976 42.454
2456980.824195845518 20140818 17:05:51.0 118.235 42.284
2456980.824195845518 20140818 17:06:51.0 118.495 42.114
2456980.824195845518 20140818 17:07:51.0 118.757 41.945
2456980.824195845518 20140818 17:08:51.0 119.020 41.776
2456980.824195845518 20140818 17:09:51.0 119.285 41.607
2456980.824195845518 20140818 17:10:51.0 119.551 41.440
2456980.824195845518 20140818 17:11:51.0 119.818 41.272
2456980.824195845518 20140818 17:12:51.0 120.088 41.105
2456980.824195845518 20140818 17:13:51.0 120.358 40.938
2456980.824195845518 20140818 17:14:51.0 120.631 40.772
2456980.824195845518 20140818 17:15:51.0 120.905 40.607
2456980.824195845518 20140818 17:16:51.0 121.180 40.441
2456980.824195845518 20140818 17:17:51.0 121.458 40.277
2456980.824195845518 20140818 17:18:51.0 121.736 40.112
2456980.824195845518 20140818 17:19:51.0 122.017 39.949
2456980.824195845518 20140818 17:20:51.0 122.299 39.786
2456980.824195845518 20140818 17:21:51.0 122.583 39.623
2456980.824195845518 20140818 17:22:51.0 122.868 39.461
2456980.824195845518 20140818 17:23:51.0 123.155 39.299
2456980.824195845518 20140818 17:24:51.0 123.444 39.138
2456980.824195845518 20140818 17:25:51.0 123.735 38.977
2456980.824195845518 20140818 17:26:51.0 124.028 38.817
2456980.824195845518 20140818 17:27:51.0 124.322 38.658
2456980.824195845518 20140818 17:28:51.0 124.618 38.499
2456980.824195845518 20140818 17:29:51.0 124.916 38.340
2456980.824195845518 20140818 17:30:51.0 125.216 38.183
2456980.824195845518 20140818 17:31:51.0 125.517 38.025
2456980.824195845518 20140818 17:32:51.0 125.821 37.869
2456980.824195845518 20140818 17:33:51.0 126.126 37.713
2456980.824195845518 20140818 17:34:51.0 126.433 37.557
2456980.824195845518 20140818 17:35:51.0 126.742 37.402
2456980.824195845518 20140818 17:36:51.0 127.053 37.248
2456980.824195845518 20140818 17:37:51.0 127.366 37.095
2456980.824195845518 20140818 17:38:51.0 127.681 36.942
2456980.824195845518 20140818 17:39:51.0 127.998 36.790
2456980.824195845518 20140818 17:40:51.0 128.317 36.638
2456980.824195845518 20140818 17:41:51.0 128.639 36.487
2456980.824195845518 20140818 17:42:51.0 128.962 36.337
2456980.824195845518 20140818 17:43:51.0 129.287 36.187
2456980.824195845518 20140818 17:44:51.0 129.614 36.039
2456980.824195845518 20140818 17:45:51.0 129.943 35.890
2456980.824195845518 20140818 17:46:51.0 130.275 35.743
2456980.824195845518 20140818 17:47:51.0 130.608 35.596
2456980.824195845518 20140818 17:48:51.0 130.944 35.450
2456980.824195845518 20140818 17:49:51.0 131.282 35.305
2456980.824195845518 20140818 17:50:51.0 131.622 35.161
2456980.824195845518 20140818 17:51:51.0 131.964 35.017
2456980.824195845518 20140818 17:52:51.0 132.308 34.874
2456980.824195845518 20140818 17:53:51.0 132.655 34.732
2456980.824195845518 20140818 17:54:51.0 133.004 34.590
2456980.824195845518 20140818 17:55:51.0 133.355 34.450
2456980.824195845518 20140818 17:56:51.0 133.709 34.310
2456980.824195845518 20140818 17:57:51.0 134.064 34.171
2456980.824195845518 20140818 17:58:51.0 134.422 34.033
2456980.824195845518 20140818 17:59:51.0 134.783 33.896
2456980.824195845518 20140818 18:00:51.0 135.145 33.759
2456980.824195845518 20140818 18:01:51.0 135.510 33.624
2456980.824195845518 20140818 18:02:51.0 135.878 33.489
2456980.824195845518 20140818 18:03:51.0 136.247 33.356
2456980.824195845518 20140818 18:04:51.0 136.619 33.223
2456980.824195845518 20140818 18:05:51.0 136.994 33.091
2456980.824195845518 20140818 18:06:51.0 137.371 32.960
2456980.824195845518 20140818 18:07:51.0 137.750 32.830
2456980.824195845518 20140818 18:08:51.0 138.132 32.701
2456980.824195845518 20140818 18:09:51.0 138.516 32.573
2456980.824195845518 20140818 18:10:51.0 138.903 32.445
2456980.824195845518 20140818 18:11:51.0 139.292 32.319
2456980.824195845518 20140818 18:12:51.0 139.684 32.194
2456980.824195845518 20140818 18:13:51.0 140.078 32.070
2456980.824195845518 20140818 18:14:51.0 140.474 31.947
2456980.824195845518 20140818 18:15:51.0 140.873 31.825
2456980.824195845518 20140818 18:16:51.0 141.275 31.703
2456980.824195845518 20140818 18:17:51.0 141.679 31.583
2456980.824195845518 20140818 18:18:51.0 142.086 31.465
2456980.824195845518 20140818 18:19:51.0 142.495 31.347
2456980.824195845518 20140818 18:20:51.0 142.907 31.230
2456980.824195845518 20140818 18:21:51.0 143.321 31.114
2456980.824195845518 20140818 18:22:51.0 143.738 31.000
2456980.824195845518 20140818 18:23:51.0 144.157 30.886
2456980.824195845518 20140818 18:24:51.0 144.579 30.774
2456980.824195845518 20140818 18:25:51.0 145.004 30.663
2456980.824195845518 20140818 18:26:51.0 145.431 30.553
2456980.824195845518 20140818 18:27:51.0 145.860 30.444
2456980.824195845518 20140818 18:28:51.0 146.292 30.337
2456980.824195845518 20140818 18:29:51.0 146.727 30.231
2456980.824195845518 20140818 18:30:51.0 147.164 30.126
2456980.824195845518 20140818 18:31:51.0 147.604 30.022
2456980.824195845518 20140818 18:32:51.0 148.047 29.919
2456980.824195845518 20140818 18:33:51.0 148.492 29.818
2456980.824195845518 20140818 18:34:51.0 148.939 29.718
2456980.824195845518 20140818 18:35:51.0 149.389 29.619
2456980.824195845518 20140818 18:36:51.0 149.842 29.522
2456980.824195845518 20140818 18:37:51.0 150.297 29.426
2456980.824195845518 20140818 18:38:51.0 150.754 29.331
2456980.824195845518 20140818 18:39:51.0 151.214 29.237
2456980.824195845518 20140818 18:40:51.0 151.677 29.145
2456980.824195845518 20140818 18:41:51.0 152.142 29.055
2456980.824195845518 20140818 18:42:51.0 152.609 28.965
2456980.824195845518 20140818 18:43:51.0 153.079 28.877
2456980.824195845518 20140818 18:44:51.0 153.551 28.791
2456980.824195845518 20140818 18:45:51.0 154.026 28.706
2456980.824195845518 20140818 18:46:51.0 154.503 28.622
2456980.824195845518 20140818 18:47:51.0 154.983 28.540
2456980.824195845518 20140818 18:48:51.0 155.465 28.460
2456980.824195845518 20140818 18:49:51.0 155.949 28.380
2456980.824195845518 20140818 18:50:51.0 156.435 28.303
2456980.824195845518 20140818 18:51:51.0 156.924 28.226
2456980.824195845518 20140818 18:52:51.0 157.415 28.152
2456980.824195845518 20140818 18:53:51.0 157.908 28.079
2456980.824195845518 20140818 18:54:51.0 158.403 28.007
2456980.824195845518 20140818 18:55:51.0 158.901 27.937
2456980.824195845518 20140818 18:56:51.0 159.401 27.868
2456980.824195845518 20140818 18:57:51.0 159.902 27.802
2456980.824195845518 20140818 18:58:51.0 160.406 27.736
2456980.824195845518 20140818 18:59:51.0 160.912 27.673
2456980.824195845518 20140818 19:00:51.0 161.420 27.610
2456980.824195845518 20140818 19:01:51.0 161.930 27.550
2456980.824195845518 20140818 19:02:51.0 162.441 27.491
2456980.824195845518 20140818 19:03:51.0 162.955 27.434
2456980.824195845518 20140818 19:04:51.0 163.470 27.378
2456980.824195845518 20140818 19:05:51.0 163.987 27.325
2456980.824195845518 20140818 19:06:51.0 164.506 27.272
2456980.824195845518 20140818 19:07:51.0 165.027 27.222
2456980.824195845518 20140818 19:08:51.0 165.549 27.173
2456980.824195845518 20140818 19:09:51.0 166.073 27.126
2456980.824195845518 20140818 19:10:51.0 166.599 27.081
2456980.824195845518 20140818 19:11:51.0 167.126 27.037
2456980.824195845518 20140818 19:12:51.0 167.654 26.995
2456980.824195845518 20140818 19:13:51.0 168.184 26.955
2456980.824195845518 20140818 19:14:51.0 168.715 26.916
2456980.824195845518 20140818 19:15:51.0 169.247 26.880
2456980.824195845518 20140818 19:16:51.0 169.781 26.845
2456980.824195845518 20140818 19:17:51.0 170.316 26.812
2456980.824195845518 20140818 19:18:51.0 170.852 26.780
2456980.824195845518 20140818 19:19:51.0 171.389 26.751
2456980.824195845518 20140818 19:20:51.0 171.927 26.723
2456980.824195845518 20140818 19:21:51.0 172.466 26.697
2456980.824195845518 20140818 19:22:51.0 173.006 26.673
2456980.824195845518 20140818 19:23:51.0 173.547 26.651
2456980.824195845518 20140818 19:24:51.0 174.088 26.630
2456980.824195845518 20140818 19:25:51.0 174.630 26.611
2456980.824195845518 20140818 19:26:51.0 175.173 26.594
2456980.824195845518 20140818 19:27:51.0 175.716 26.579
2456980.824195845518 20140818 19:28:51.0 176.260 26.566
2456980.824195845518 20140818 19:29:51.0 176.805 26.554
2456980.824195845518 20140818 19:30:51.0 177.349 26.545
2456980.824195845518 20140818 19:31:51.0 177.894 26.537
2456980.824195845518 20140818 19:32:51.0 178.440 26.531
2456980.824195845518 20140818 19:33:51.0 178.985 26.527
2456980.824195845518 20140818 19:34:51.0 179.531 26.525
2456980.824195845518 20140818 19:35:51.0 180.076 26.524
2456980.824195845518 20140818 19:36:51.0 180.622 26.526
2456980.824195845518 20140818 19:37:51.0 181.167 26.529
2456980.824195845518 20140818 19:38:51.0 181.713 26.534
2456980.824195845518 20140818 19:39:51.0 182.258 26.541
2456980.824195845518 20140818 19:40:51.0 182.803 26.550
2456980.824195845518 20140818 19:41:51.0 183.347 26.560
2456980.824195845518 20140818 19:42:51.0 183.891 26.573
2456980.824195845518 20140818 19:43:51.0 184.435 26.587
2456980.824195845518 20140818 19:44:51.0 184.978 26.603
2456980.824195845518 20140818 19:45:51.0 185.520 26.621
2456980.824195845518 20140818 19:46:51.0 186.062 26.641
2456980.824195845518 20140818 19:47:51.0 186.603 26.662
2456980.824195845518 20140818 19:48:51.0 187.144 26.685
2456980.824195845518 20140818 19:49:51.0 187.683 26.710
2456980.824195845518 20140818 19:50:51.0 188.222 26.737
2456980.824195845518 20140818 19:51:51.0 188.759 26.766
2456980.824195845518 20140818 19:52:51.0 189.296 26.797
2456980.824195845518 20140818 19:53:51.0 189.831 26.829
2456980.824195845518 20140818 19:54:51.0 190.365 26.863
2456980.824195845518 20140818 19:55:51.0 190.898 26.899
2456980.824195845518 20140818 19:56:51.0 191.430 26.936
2456980.824195845518 20140818 19:57:51.0 191.961 26.976
2456980.824195845518 20140818 19:58:51.0 192.490 27.017
2456980.824195845518 20140818 19:59:51.0 193.017 27.060
2456980.824195845518 20140818 20:00:51.0 193.544 27.104
2456980.824195845518 20140818 20:01:51.0 194.068 27.151
2456980.824195845518 20140818 20:02:51.0 194.591 27.199
2456980.824195845518 20140818 20:03:51.0 195.113 27.248
2456980.824195845518 20140818 20:04:51.0 195.633 27.300
2456980.824195845518 20140818 20:05:51.0 196.151 27.353
2456980.824195845518 20140818 20:06:51.0 196.667 27.407
2456980.824195845518 20140818 20:07:51.0 197.181 27.464
2456980.824195845518 20140818 20:08:51.0 197.694 27.522
2456980.824195845518 20140818 20:09:51.0 198.205 27.582
2456980.824195845518 20140818 20:10:51.0 198.713 27.643
2456980.824195845518 20140818 20:11:51.0 199.220 27.706
2456980.824195845518 20140818 20:12:51.0 199.725 27.770
2456980.824195845518 20140818 20:13:51.0 200.228 27.837
2456980.824195845518 20140818 20:14:51.0 200.729 27.904
2456980.824195845518 20140818 20:15:51.0 201.227 27.974
2456980.824195845518 20140818 20:16:51.0 201.724 28.045
2456980.824195845518 20140818 20:17:51.0 202.218 28.117
2456980.824195845518 20140818 20:18:51.0 202.710 28.191
2456980.824195845518 20140818 20:19:51.0 203.200 28.266
2456980.824195845518 20140818 20:20:51.0 203.687 28.343
2456980.824195845518 20140818 20:21:51.0 204.173 28.422
2456980.824195845518 20140818 20:22:51.0 204.655 28.502
2456980.824195845518 20140818 20:23:51.0 205.136 28.583
2456980.824195845518 20140818 20:24:51.0 205.614 28.666
2456980.824195845518 20140818 20:25:51.0 206.090 28.751
2456980.824195845518 20140818 20:26:51.0 206.564 28.837
2456980.824195845518 20140818 20:27:51.0 207.035 28.924
2456980.824195845518 20140818 20:28:51.0 207.503 29.012
2456980.824195845518 20140818 20:29:51.0 207.970 29.102
2456980.824195845518 20140818 20:30:51.0 208.433 29.194
2456980.824195845518 20140818 20:31:51.0 208.895 29.287
2456980.824195845518 20140818 20:32:51.0 209.353 29.381
2456980.824195845518 20140818 20:33:51.0 209.810 29.476
2456980.824195845518 20140818 20:34:51.0 210.263 29.573
2456980.824195845518 20140818 20:35:51.0 210.715 29.671
2456980.824195845518 20140818 20:36:51.0 211.163 29.771
2456980.824195845518 20140818 20:37:51.0 211.609 29.871
2456980.824195845518 20140818 20:38:51.0 212.053 29.973
2456980.824195845518 20140818 20:39:51.0 212.494 30.077
2456980.824195845518 20140818 20:40:51.0 212.933 30.181
2456980.824195845518 20140818 20:41:51.0 213.369 30.287
2456980.824195845518 20140818 20:42:51.0 213.802 30.394
2456980.824195845518 20140818 20:43:51.0 214.233 30.502
2456980.824195845518 20140818 20:44:51.0 214.661 30.611
2456980.824195845518 20140818 20:45:51.0 215.087 30.722
2456980.824195845518 20140818 20:46:51.0 215.510 30.834
2456980.824195845518 20140818 20:47:51.0 215.931 30.947
2456980.824195845518 20140818 20:48:51.0 216.349 31.061
2456980.824195845518 20140818 20:49:51.0 216.764 31.176
2456980.824195845518 20140818 20:50:51.0 217.177 31.292
2456980.824195845518 20140818 20:51:51.0 217.588 31.409
2456980.824195845518 20140818 20:52:51.0 217.996 31.528
2456980.824195845518 20140818 20:53:51.0 218.401 31.648
2456980.824195845518 20140818 20:54:51.0 218.804 31.768
2456980.824195845518 20140818 20:55:51.0 219.204 31.890
2456980.824195845518 20140818 20:56:51.0 219.602 32.013
2456980.824195845518 20140818 20:57:51.0 219.997 32.136
2456980.824195845518 20140818 20:58:51.0 220.390 32.261
2456980.824195845518 20140818 20:59:51.0 220.780 32.387
2456980.824195845518 20140818 21:00:51.0 221.168 32.514
2456980.824195845518 20140818 21:01:51.0 221.554 32.641
2456980.824195845518 20140818 21:02:51.0 221.937 32.770
2456980.824195845518 20140818 21:03:51.0 222.317 32.900
2456980.824195845518 20140818 21:04:51.0 222.695 33.030
2456980.824195845518 20140818 21:05:51.0 223.071 33.162
2456980.824195845518 20140818 21:06:51.0 223.444 33.294
2456980.824195845518 20140818 21:07:51.0 223.815 33.428
2456980.824195845518 20140818 21:08:51.0 224.183 33.562
2456980.824195845518 20140818 21:09:51.0 224.549 33.697
2456980.824195845518 20140818 21:10:51.0 224.913 33.833
2456980.824195845518 20140818 21:11:51.0 225.275 33.970
2456980.824195845518 20140818 21:12:51.0 225.634 34.108
2456980.824195845518 20140818 21:13:51.0 225.990 34.246
2456980.824195845518 20140818 21:14:51.0 226.345 34.386
2456980.824195845518 20140818 21:15:51.0 226.697 34.526
2456980.824195845518 20140818 21:16:51.0 227.047 34.667
2456980.824195845518 20140818 21:17:51.0 227.395 34.809
2456980.824195845518 20140818 21:18:51.0 227.740 34.951
2456980.824195845518 20140818 21:19:51.0 228.084 35.095
2456980.824195845518 20140818 21:20:51.0 228.425 35.239
2456980.824195845518 20140818 21:21:51.0 228.763 35.384
2456980.824195845518 20140818 21:22:51.0 229.100 35.530
2456980.824195845518 20140818 21:23:51.0 229.435 35.676
2456980.824195845518 20140818 21:24:51.0 229.767 35.823
2456980.824195845518 20140818 21:25:51.0 230.097 35.971
2456980.824195845518 20140818 21:26:51.0 230.426 36.120
2456980.824195845518 20140818 21:27:51.0 230.752 36.269
2456980.824195845518 20140818 21:28:51.0 231.076 36.419
2456980.824195845518 20140818 21:29:51.0 231.398 36.570
2456980.824195845518 20140818 21:30:51.0 231.718 36.721
2456980.824195845518 20140818 21:31:51.0 232.036 36.873
2456980.824195845518 20140818 21:32:51.0 232.352 37.026
2456980.824195845518 20140818 21:33:51.0 232.666 37.179
2456980.824195845518 20140818 21:34:51.0 232.978 37.333
2456980.824195845518 20140818 21:35:51.0 233.288 37.487
2456980.824195845518 20140818 21:36:51.0 233.596 37.643
2456980.824195845518 20140818 21:37:51.0 233.902 37.798
2456980.824195845518 20140818 21:38:51.0 234.206 37.955
2456980.824195845518 20140818 21:39:51.0 234.509 38.112
2456980.824195845518 20140818 21:40:51.0 234.809 38.270
2456980.824195845518 20140818 21:41:51.0 235.108 38.428
2456980.824195845518 20140818 21:42:51.0 235.405 38.586
2456980.824195845518 20140818 21:43:51.0 235.700 38.746
2456980.824195845518 20140818 21:44:51.0 235.993 38.906
2456980.824195845518 20140818 21:45:51.0 236.285 39.066
2456980.824195845518 20140818 21:46:51.0 236.575 39.227
2456980.824195845518 20140818 21:47:51.0 236.863 39.389
2456980.824195845518 20140818 21:48:51.0 237.149 39.551
2456980.824195845518 20140818 21:49:51.0 237.434 39.713
2456980.824195845518 20140818 21:50:51.0 237.716 39.876
2456980.824195845518 20140818 21:51:51.0 237.998 40.040
2456980.824195845518 20140818 21:52:51.0 238.277 40.204
2456980.824195845518 20140818 21:53:51.0 238.555 40.368
2456980.824195845518 20140818 21:54:51.0 238.831 40.534
2456980.824195845518 20140818 21:55:51.0 239.106 40.699
2456980.824195845518 20140818 21:56:51.0 239.379 40.865
2456980.824195845518 20140818 21:57:51.0 239.651 41.032
2456980.824195845518 20140818 21:58:51.0 239.920 41.199
2456980.824195845518 20140818 21:59:51.0 240.189 41.366
2456980.824195845518 20140818 22:00:51.0 240.456 41.534
2456980.824195845518 20140818 22:01:51.0 240.721 41.702
2456980.824195845518 20140818 22:02:51.0 240.985 41.871
2456980.824195845518 20140818 22:03:51.0 241.247 42.040
2456980.824195845518 20140818 22:04:51.0 241.508 42.209
2456980.824195845518 20140818 22:05:51.0 241.768 42.379
2456980.824195845518 20140818 22:06:51.0 242.026 42.550
2456980.824195845518 20140818 22:07:51.0 242.282 42.721
2456980.824195845518 20140818 22:08:51.0 242.537 42.892
2456980.824195845518 20140818 22:09:51.0 242.791 43.063
2456980.824195845518 20140818 22:10:51.0 243.043 43.235
2456980.824195845518 20140818 22:11:51.0 243.294 43.408
2456980.824195845518 20140818 22:12:51.0 243.544 43.581
2456980.824195845518 20140818 22:13:51.0 243.793 43.754
2456980.824195845518 20140818 22:14:51.0 244.040 43.927
2456980.824195845518 20140818 22:15:51.0 244.285 44.101
2456980.824195845518 20140818 22:16:51.0 244.530 44.275
2456980.824195845518 20140818 22:17:51.0 244.773 44.450
2456980.824195845518 20140818 22:18:51.0 245.015 44.625
2456980.824195845518 20140818 22:19:51.0 245.255 44.800
2456980.824195845518 20140818 22:20:51.0 245.495 44.975
2456980.824195845518 20140818 22:21:51.0 245.733 45.151
2456980.824195845518 20140818 22:22:51.0 245.970 45.328
2456980.824195845518 20140818 22:23:51.0 246.206 45.504
2456980.824195845518 20140818 22:24:51.0 246.440 45.681
2456980.824195845518 20140818 22:25:51.0 246.674 45.858
2456980.824195845518 20140818 22:26:51.0 246.906 46.036
2456980.824195845518 20140818 22:27:51.0 247.137 46.214
2456980.824195845518 20140818 22:28:51.0 247.367 46.392
2456980.824195845518 20140818 22:29:51.0 247.596 46.570
2456980.824195845518 20140818 22:30:51.0 247.823 46.749
2456980.824195845518 20140818 22:31:51.0 248.050 46.928
2456980.824195845518 20140818 22:32:51.0 248.276 47.107
2456980.824195845518 20140818 22:33:51.0 248.500 47.287
2456980.824195845518 20140818 22:34:51.0 248.724 47.467
2456980.824195845518 20140818 22:35:51.0 248.946 47.647
2456980.824195845518 20140818 22:36:51.0 249.167 47.827
2456980.824195845518 20140818 22:37:51.0 249.388 48.008
2456980.824195845518 20140818 22:38:51.0 249.607 48.189
2456980.824195845518 20140818 22:39:51.0 249.825 48.370
2456980.824195845518 20140818 22:40:51.0 250.043 48.551
2456980.824195845518 20140818 22:41:51.0 250.259 48.733
2456980.824195845518 20140818 22:42:51.0 250.474 48.915
2456980.824195845518 20140818 22:43:51.0 250.689 49.097
2456980.824195845518 20140818 22:44:51.0 250.902 49.279
2456980.824195845518 20140818 22:45:51.0 251.115 49.462
2456980.824195845518 20140818 22:46:51.0 251.326 49.645
2456980.824195845518 20140818 22:47:51.0 251.537 49.828
2456980.824195845518 20140818 22:48:51.0 251.747 50.011
2456980.824195845518 20140818 22:49:51.0 251.956 50.195
2456980.824195845518 20140818 22:50:51.0 252.164 50.378
2456980.824195845518 20140818 22:51:51.0 252.371 50.562
2456980.824195845518 20140818 22:52:51.0 252.577 50.746
2456980.824195845518 20140818 22:53:51.0 252.783 50.931
2456980.824195845518 20140818 22:54:51.0 252.987 51.115
2456980.824195845518 20140818 22:55:51.0 253.191 51.300
2456980.824195845518 20140818 22:56:51.0 253.394 51.485
2456980.824195845518 20140818 22:57:51.0 253.596 51.670
2456980.824195845518 20140818 22:58:51.0 253.798 51.855
2456980.824195845518 20140818 22:59:51.0 253.998 52.041
2456980.824195845518 20140818 23:00:51.0 254.198 52.227
2456980.824195845518 20140818 23:01:51.0 254.397 52.413
2456980.824195845518 20140818 23:02:51.0 254.595 52.599
2456980.824195845518 20140818 23:03:51.0 254.793 52.785
2456980.824195845518 20140818 23:04:51.0 254.990 52.971
2456980.824195845518 20140818 23:05:51.0 255.186 53.158
2456980.824195845518 20140818 23:06:51.0 255.381 53.345
2456980.824195845518 20140818 23:07:51.0 255.575 53.532
2456980.824195845518 20140818 23:08:51.0 255.769 53.719
2456980.824195845518 20140818 23:09:51.0 255.962 53.906
2456980.824195845518 20140818 23:10:51.0 256.155 54.093
2456980.824195845518 20140818 23:11:51.0 256.347 54.281
2456980.824195845518 20140818 23:12:51.0 256.538 54.469
2456980.824195845518 20140818 23:13:51.0 256.728 54.656
2456980.824195845518 20140818 23:14:51.0 256.918 54.844
2456980.824195845518 20140818 23:15:51.0 257.107 55.033
2456980.824195845518 20140818 23:16:51.0 257.295 55.221
2456980.824195845518 20140818 23:17:51.0 257.483 55.409
2456980.824195845518 20140818 23:18:51.0 257.670 55.598
2456980.824195845518 20140818 23:19:51.0 257.857 55.787
2456980.824195845518 20140818 23:20:51.0 258.043 55.975
2456980.824195845518 20140818 23:21:51.0 258.228 56.164
2456980.824195845518 20140818 23:22:51.0 258.413 56.353
2456980.824195845518 20140818 23:23:51.0 258.597 56.543
2456980.824195845518 20140818 23:24:51.0 258.781 56.732
2456980.824195845518 20140818 23:25:51.0 258.964 56.921
2456980.824195845518 20140818 23:26:51.0 259.146 57.111
2456980.824195845518 20140818 23:27:51.0 259.328 57.301
2456980.824195845518 20140818 23:28:51.0 259.510 57.490
2456980.824195845518 20140818 23:29:51.0 259.690 57.680
2456980.824195845518 20140818 23:30:51.0 259.871 57.870
2456980.824195845518 20140818 23:31:51.0 260.050 58.060
2456980.824195845518 20140818 23:32:51.0 260.230 58.251
2456980.824195845518 20140818 23:33:51.0 260.408 58.441
2456980.824195845518 20140818 23:34:51.0 260.586 58.631
2456980.824195845518 20140818 23:35:51.0 260.764 58.822
2456980.824195845518 20140818 23:36:51.0 260.941 59.012
2456980.824195845518 20140818 23:37:51.0 261.118 59.203
2456980.824195845518 20140818 23:38:51.0 261.294 59.394
2456980.824195845518 20140818 23:39:51.0 261.470 59.585
2456980.824195845518 20140818 23:40:51.0 261.645 59.776
2456980.824195845518 20140818 23:41:51.0 261.820 59.967
2456980.824195845518 20140818 23:42:51.0 261.994 60.158
2456980.824195845518 20140818 23:43:51.0 262.168 60.349
2456980.824195845518 20140818 23:44:51.0 262.342 60.540
2456980.824195845518 20140818 23:45:51.0 262.515 60.732
2456980.824195845518 20140818 23:46:51.0 262.687 60.923
2456980.824195845518 20140818 23:47:51.0 262.859 61.114
2456980.824195845518 20140818 23:48:51.0 263.031 61.306
2456980.824195845518 20140818 23:49:51.0 263.202 61.498
2456980.824195845518 20140818 23:50:51.0 263.373 61.689
2456980.824195845518 20140818 23:51:51.0 263.544 61.881
2456980.824195845518 20140818 23:52:51.0 263.714 62.073
2456980.824195845518 20140818 23:53:51.0 263.883 62.265
2456980.824195845518 20140818 23:54:51.0 264.053 62.457
2456980.824195845518 20140818 23:55:51.0 264.222 62.649
2456980.824195845518 20140818 23:56:51.0 264.390 62.841
2456980.824195845518 20140818 23:57:51.0 264.558 63.033
2456980.824195845518 20140818 23:58:51.0 264.726 63.225
2456980.824195845518 20140818 23:59:51.0 264.894 63.417
2456980.824195845518 20140819 00:00:51.0 265.061 63.609
2456980.824195845518 20140819 00:01:51.0 265.227 63.802
2456980.824195845518 20140819 00:02:51.0 265.394 63.994
2456980.824195845518 20140819 00:03:51.0 265.560 64.186
2456980.824195845518 20140819 00:04:51.0 265.726 64.379
2456980.824195845518 20140819 00:05:51.0 265.891 64.571
2456980.824195845518 20140819 00:06:51.0 266.056 64.764
2456980.824195845518 20140819 00:07:51.0 266.221 64.956
2456980.824195845518 20140819 00:08:51.0 266.385 65.149
2456980.824195845518 20140819 00:09:51.0 266.550 65.341
2456980.824195845518 20140819 00:10:51.0 266.713 65.534
2456980.824195845518 20140819 00:11:51.0 266.877 65.727
2456980.824195845518 20140819 00:12:51.0 267.040 65.919
2456980.824195845518 20140819 00:13:51.0 267.203 66.112
2456980.824195845518 20140819 00:14:51.0 267.366 66.305
2456980.824195845518 20140819 00:15:51.0 267.529 66.498
2456980.824195845518 20140819 00:16:51.0 267.691 66.690
2456980.824195845518 20140819 00:17:51.0 267.853 66.883
2456980.824195845518 20140819 00:18:51.0 268.014 67.076
2456980.824195845518 20140819 00:19:51.0 268.176 67.269
2456980.824195845518 20140819 00:20:51.0 268.337 67.461
2456980.824195845518 20140819 00:21:51.0 268.498 67.654
2456980.824195845518 20140819 00:22:51.0 268.658 67.847
2456980.824195845518 20140819 00:23:51.0 268.819 68.040
2456980.824195845518 20140819 00:24:51.0 268.979 68.233
2456980.824195845518 20140819 00:25:51.0 269.139 68.426
2456980.824195845518 20140819 00:26:51.0 269.299 68.619
2456980.824195845518 20140819 00:27:51.0 269.458 68.811
2456980.824195845518 20140819 00:28:51.0 269.617 69.004
2456980.824195845518 20140819 00:29:51.0 269.777 69.197
2456980.824195845518 20140819 00:30:51.0 269.935 69.390
2456980.824195845518 20140819 00:31:51.0 270.094 69.583
2456980.824195845518 20140819 00:32:51.0 270.253 69.776
2456980.824195845518 20140819 00:33:51.0 270.411 69.969
2456980.824195845518 20140819 00:34:51.0 270.569 70.161
2456980.824195845518 20140819 00:35:51.0 270.727 70.354
2456980.824195845518 20140819 00:36:51.0 270.885 70.547
2456980.824195845518 20140819 00:37:51.0 271.042 70.740
2456980.824195845518 20140819 00:38:51.0 271.200 70.933
2456980.824195845518 20140819 00:39:51.0 271.357 71.125
2456980.824195845518 20140819 00:40:51.0 271.514 71.318
2456980.824195845518 20140819 00:41:51.0 271.671 71.511
2456980.824195845518 20140819 00:42:51.0 271.828 71.703
2456980.824195845518 20140819 00:43:51.0 271.984 71.896
2456980.824195845518 20140819 00:44:51.0 272.141 72.089
2456980.824195845518 20140819 00:45:51.0 272.297 72.281
2456980.824195845518 20140819 00:46:51.0 272.453 72.474
2456980.824195845518 20140819 00:47:51.0 272.609 72.666
2456980.824195845518 20140819 00:48:51.0 272.765 72.859
2456980.824195845518 20140819 00:49:51.0 272.921 73.051
2456980.824195845518 20140819 00:50:51.0 273.076 73.244
2456980.824195845518 20140819 00:51:51.0 273.232 73.436
2456980.824195845518 20140819 00:52:51.0 273.387 73.629
2456980.824195845518 20140819 00:53:51.0 273.543 73.821
2456980.824195845518 20140819 00:54:51.0 273.698 74.013
2456980.824195845518 20140819 00:55:51.0 273.853 74.205
2456980.824195845518 20140819 00:56:51.0 274.008 74.398
2456980.824195845518 20140819 00:57:51.0 274.163 74.590
2456980.824195845518 20140819 00:58:51.0 274.318 74.782
2456980.824195845518 20140819 00:59:51.0 274.472 74.974
2456980.824195845518 20140819 01:00:51.0 274.627 75.166
2456980.824195845518 20140819 01:01:51.0 274.782 75.358
2456980.824195845518 20140819 01:02:51.0 274.936 75.550
2456980.824195845518 20140819 01:03:51.0 275.090 75.741
2456980.824195845518 20140819 01:04:51.0 275.245 75.933
2456980.824195845518 20140819 01:05:51.0 275.399 76.125
2456980.824195845518 20140819 01:06:51.0 275.553 76.316
2456980.824195845518 20140819 01:07:51.0 275.707 76.508
2456980.824195845518 20140819 01:08:51.0 275.861 76.699
2456980.824195845518 20140819 01:09:51.0 276.016 76.891
2456980.824195845518 20140819 01:10:51.0 276.170 77.082
2456980.824195845518 20140819 01:11:51.0 276.323 77.273
2456980.824195845518 20140819 01:12:51.0 276.477 77.464
2456980.824195845518 20140819 01:13:51.0 276.631 77.655
2456980.824195845518 20140819 01:14:51.0 276.785 77.846
2456980.824195845518 20140819 01:15:51.0 276.939 78.037
2456980.824195845518 20140819 01:16:51.0 277.093 78.228
2456980.824195845518 20140819 01:17:51.0 277.246 78.419
2456980.824195845518 20140819 01:18:51.0 277.400 78.609
2456980.824195845518 20140819 01:19:51.0 277.554 78.800
2456980.824195845518 20140819 01:20:51.0 277.708 78.990
2456980.824195845518 20140819 01:21:51.0 277.861 79.181
2456980.824195845518 20140819 01:22:51.0 278.015 79.371
2456980.824195845518 20140819 01:23:51.0 278.169 79.561
2456980.824195845518 20140819 01:24:51.0 278.322 79.751
2456980.824195845518 20140819 01:25:51.0 278.476 79.941
2456980.824195845518 20140819 01:26:51.0 278.630 80.131
2456980.824195845518 20140819 01:27:51.0 278.783 80.320
2456980.824195845518 20140819 01:28:51.0 278.937 80.510
2456980.824195845518 20140819 01:29:51.0 279.091 80.699
2456980.824195845518 20140819 01:30:51.0 279.245 80.889
2456980.824195845518 20140819 01:31:51.0 279.398 81.078
2456980.824195845518 20140819 01:32:51.0 279.552 81.267
2456980.824195845518 20140819 01:33:51.0 279.706 81.455
2456980.824195845518 20140819 01:34:51.0 279.860 81.644
2456980.824195845518 20140819 01:35:51.0 280.014 81.833
2456980.824195845518 20140819 01:36:51.0 280.168 82.021
2456980.824195845518 20140819 01:37:51.0 280.322 82.209
2456980.824195845518 20140819 01:38:51.0 280.476 82.397
2456980.824195845518 20140819 01:39:51.0 280.630 82.585
2456980.824195845518 20140819 01:40:51.0 280.784 82.773
2456980.824195845518 20140819 01:41:51.0 280.939 82.960
2456980.824195845518 20140819 01:42:51.0 281.093 83.148
2456980.824195845518 20140819 01:43:51.0 281.247 83.335
2456980.824195845518 20140819 01:44:51.0 281.402 83.522
2456980.824195845518 20140819 01:45:51.0 281.556 83.708
2456980.824195845518 20140819 01:46:51.0 281.711 83.895
2456980.824195845518 20140819 01:47:51.0 281.865 84.081
2456980.824195845518 20140819 01:48:51.0 282.020 84.267
2456980.824195845518 20140819 01:49:51.0 282.175 84.452
2456980.824195845518 20140819 01:50:51.0 282.330 84.638
2456980.824195845518 20140819 01:51:51.0 282.485 84.823
2456980.824195845518 20140819 01:52:51.0 282.640 85.008
2456980.824195845518 20140819 01:53:51.0 282.795 85.192
2456980.824195845518 20140819 01:54:51.0 282.950 85.376
2456980.824195845518 20140819 01:55:51.0 283.106 85.560
2456980.824195845518 20140819 01:56:51.0 283.261 85.743
2456980.824195845518 20140819 01:57:51.0 283.417 85.926
2456980.824195845518 20140819 01:58:51.0 283.572 86.109
2456980.824195845518 20140819 01:59:51.0 283.728 86.291
2456980.824195845518 20140819 02:00:51.0 283.884 86.472
2456980.824195845518 20140819 02:01:51.0 284.040 86.654
2456980.824195845518 20140819 02:02:51.0 284.196 86.834
2456980.824195845518 20140819 02:03:51.0 284.353 87.014
2456980.824195845518 20140819 02:04:51.0 284.509 87.193
2456980.824195845518 20140819 02:05:51.0 284.666 87.372
2456980.824195845518 20140819 02:06:51.0 284.822 87.550
2456980.824195845518 20140819 02:07:51.0 284.979 87.727
2456980.824195845518 20140819 02:08:51.0 285.136 87.903
2456980.824195845518 20140819 02:09:51.0 285.293 88.078
2456980.824195845518 20140819 02:10:51.0 285.451 88.253
2456980.824195845518 20140819 02:11:51.0 285.608 88.426
2456980.824195845518 20140819 02:12:51.0 285.766 88.598
2456980.824195845518 20140819 02:13:51.0 285.924 88.769
2456980.824195845518 20140819 02:14:51.0 286.081 88.938
2456980.824195845518 20140819 02:15:51.0 286.240 89.106
2456980.824195845518 20140819 02:16:51.0 286.398 89.273
2456980.824195845518 20140819 02:17:51.0 286.556 89.437
2456980.824195845518 20140819 02:18:51.0 286.715 89.600
2456980.824195845518 20140819 02:19:51.0 286.874 89.761
2456980.824195845518 20140819 02:20:51.0 287.033 89.921
