2457290.821306997910 20141221 14:51:42.4 120.700 89.877
2457290.821306997910 20141221 14:52:42.4 120.858 89.734
2457290.821306997910 20141221 14:53:42.4 121.017 89.589
2457290.821306997910 20141221 14:54:42.4 121.176 89.444
2457290.821306997910 20141221 14:55:42.4 121.335 89.297
2457290.821306997910 20141221 14:56:42.4 121.495 89.150
2457290.821306997910 20141221 14:57:42.4 121.655 89.001
2457290.821306997910 20141221 14:58:42.4 121.815 88.852
2457290.821306997910 20141221 14:59:42.4 121.975 88.702
2457290.821306997910 20141221 15:00:42.4 122.136 88.551
2457290.821306997910 20141221 15:01:42.4 122.297 88.400
2457290.821306997910 20141221 15:02:42.4 122.459 88.249
2457290.821306997910 20141221 15:03:42.4 122.620 88.096
2457290.821306997910 20141221 15:04:42.4 122.782 87.944
2457290.821306997910 20141221 15:05:42.4 122.944 87.791
2457290.821306997910 20141221 15:06:42.4 123.107 87.638
2457290.821306997910 20141221 15:07:42.4 123.270 87.484
2457290.821306997910 20141221 15:08:42.4 123.433 87.331
2457290.821306997910 20141221 15:09:42.4 123.597 87.177
2457290.821306997910 20141221 15:10:42.4 123.761 87.023
2457290.821306997910 20141221 15:11:42.4 123.925 86.869
2457290.821306997910 20141221 15:12:42.4 124.089 86.715
2457290.821306997910 20141221 15:13:42.4 124.254 86.561
2457290.821306997910 20141221 15:14:42.4 124.419 86.407
2457290.821306997910 20141221 15:15:42.4 124.585 86.253
2457290.821306997910 20141221 15:16:42.4 124.751 86.099
2457290.821306997910 20141221 15:17:42.4 124.917 85.945
2457290.821306997910 20141221 15:18:42.4 125.083 85.791
2457290.821306997910 20141221 15:19:42.4 125.250 85.638
2457290.821306997910 20141221 15:20:42.4 125.417 85.484
2457290.821306997910 20141221 15:21:42.4 125.585 85.331
2457290.821306997910 20141221 15:22:42.4 125.753 85.178
2457290.821306997910 20141221 15:23:42.4 125.921 85.024
2457290.821306997910 20141221 15:24:42.4 126.090 84.872
2457290.821306997910 20141221 15:25:42.4 126.259 84.719
2457290.821306997910 20141221 15:26:42.4 126.428 84.566
2457290.821306997910 20141221 15:27:42.4 126.598 84.414
2457290.821306997910 20141221 15:28:42.4 126.768 84.262
2457290.821306997910 20141221 15:29:42.4 126.938 84.110
2457290.821306997910 20141221 15:30:42.4 127.109 83.958
2457290.821306997910 20141221 15:31:42.4 127.280 83.807
2457290.821306997910 20141221 15:32:42.4 127.451 83.656
2457290.821306997910 20141221 15:33:42.4 127.623 83.505
2457290.821306997910 20141221 15:34:42.4 127.795 83.354
2457290.821306997910 20141221 15:35:42.4 127.968 83.204
2457290.821306997910 20141221 15:36:42.4 128.141 83.054
2457290.821306997910 20141221 15:37:42.4 128.314 82.904
2457290.821306997910 20141221 15:38:42.4 128.488 82.755
2457290.821306997910 20141221 15:39:42.4 128.662 82.606
2457290.821306997910 20141221 15:40:42.4 128.836 82.457
2457290.821306997910 20141221 15:41:42.4 129.011 82.309
2457290.821306997910 20141221 15:42:42.4 129.186 82.160
2457290.821306997910 20141221 15:43:42.4 129.362 82.012
2457290.821306997910 20141221 15:44:42.4 129.538 81.865
2457290.821306997910 20141221 15:45:42.4 129.714 81.718
2457290.821306997910 20141221 15:46:42.4 129.891 81.571
2457290.821306997910 20141221 15:47:42.4 130.068 81.424
2457290.821306997910 20141221 15:48:42.4 130.246 81.278
2457290.821306997910 20141221 15:49:42.4 130.424 81.132
2457290.821306997910 20141221 15:50:42.4 130.602 80.987
2457290.821306997910 20141221 15:51:42.4 130.781 80.842
2457290.821306997910 20141221 15:52:42.4 130.960 80.697
2457290.821306997910 20141221 15:53:42.4 131.139 80.552
2457290.821306997910 20141221 15:54:42.4 131.319 80.408
2457290.821306997910 20141221 15:55:42.4 131.500 80.265
2457290.821306997910 20141221 15:56:42.4 131.681 80.121
2457290.821306997910 20141221 15:57:42.4 131.862 79.978
2457290.821306997910 20141221 15:58:42.4 132.043 79.836
2457290.821306997910 20141221 15:59:42.4 132.225 79.694
2457290.821306997910 20141221 16:00:42.4 132.408 79.552
2457290.821306997910 20141221 16:01:42.4 132.591 79.410
2457290.821306997910 20141221 16:02:42.4 132.774 79.269
2457290.821306997910 20141221 16:03:42.4 132.958 79.129
2457290.821306997910 20141221 16:04:42.4 133.142 78.989
2457290.821306997910 20141221 16:05:42.4 133.326 78.849
2457290.821306997910 20141221 16:06:42.4 133.511 78.709
2457290.821306997910 20141221 16:07:42.4 133.697 78.570
2457290.821306997910 20141221 16:08:42.4 133.883 78.432
2457290.821306997910 20141221 16:09:42.4 134.069 78.294
2457290.821306997910 20141221 16:10:42.4 134.256 78.156
2457290.821306997910 20141221 16:11:42.4 134.443 78.019
2457290.821306997910 20141221 16:12:42.4 134.630 77.882
2457290.821306997910 20141221 16:13:42.4 134.818 77.745
2457290.821306997910 20141221 16:14:42.4 135.007 77.609
2457290.821306997910 20141221 16:15:42.4 135.196 77.474
2457290.821306997910 20141221 16:16:42.4 135.385 77.339
2457290.821306997910 20141221 16:17:42.4 135.575 77.204
2457290.821306997910 20141221 16:18:42.4 135.765 77.070
2457290.821306997910 20141221 16:19:42.4 135.955 76.936
2457290.821306997910 20141221 16:20:42.4 136.147 76.802
2457290.821306997910 20141221 16:21:42.4 136.338 76.669
2457290.821306997910 20141221 16:22:42.4 136.530 76.537
2457290.821306997910 20141221 16:23:42.4 136.722 76.405
2457290.821306997910 20141221 16:24:42.4 136.915 76.273
2457290.821306997910 20141221 16:25:42.4 137.109 76.142
2457290.821306997910 20141221 16:26:42.4 137.302 76.012
2457290.821306997910 20141221 16:27:42.4 137.497 75.882
2457290.821306997910 20141221 16:28:42.4 137.691 75.752
2457290.821306997910 20141221 16:29:42.4 137.887 75.623
2457290.821306997910 20141221 16:30:42.4 138.082 75.494
2457290.821306997910 20141221 16:31:42.4 138.278 75.366
2457290.821306997910 20141221 16:32:42.4 138.475 75.238
2457290.821306997910 20141221 16:33:42.4 138.672 75.111
2457290.821306997910 20141221 16:34:42.4 138.869 74.984
2457290.821306997910 20141221 16:35:42.4 139.067 74.858
2457290.821306997910 20141221 16:36:42.4 139.265 74.732
2457290.821306997910 20141221 16:37:42.4 139.464 74.607
2457290.821306997910 20141221 16:38:42.4 139.664 74.482
2457290.821306997910 20141221 16:39:42.4 139.863 74.358
2457290.821306997910 20141221 16:40:42.4 140.064 74.234
2457290.821306997910 20141221 16:41:42.4 140.264 74.111
2457290.821306997910 20141221 16:42:42.4 140.465 73.988
2457290.821306997910 20141221 16:43:42.4 140.667 73.866
2457290.821306997910 20141221 16:44:42.4 140.869 73.744
2457290.821306997910 20141221 16:45:42.4 141.072 73.623
2457290.821306997910 20141221 16:46:42.4 141.275 73.502
2457290.821306997910 20141221 16:47:42.4 141.478 73.382
2457290.821306997910 20141221 16:48:42.4 141.682 73.262
2457290.821306997910 20141221 16:49:42.4 141.887 73.143
2457290.821306997910 20141221 16:50:42.4 142.092 73.025
2457290.821306997910 20141221 16:51:42.4 142.297 72.907
2457290.821306997910 20141221 16:52:42.4 142.503 72.789
2457290.821306997910 20141221 16:53:42.4 142.709 72.673
2457290.821306997910 20141221 16:54:42.4 142.916 72.556
2457290.821306997910 20141221 16:55:42.4 143.123 72.440
2457290.821306997910 20141221 16:56:42.4 143.331 72.325
2457290.821306997910 20141221 16:57:42.4 143.539 72.211
2457290.821306997910 20141221 16:58:42.4 143.748 72.096
2457290.821306997910 20141221 16:59:42.4 143.957 71.983
2457290.821306997910 20141221 17:00:42.4 144.167 71.870
2457290.821306997910 20141221 17:01:42.4 144.377 71.757
2457290.821306997910 20141221 17:02:42.4 144.588 71.646
2457290.821306997910 20141221 17:03:42.4 144.799 71.534
2457290.821306997910 20141221 17:04:42.4 145.011 71.424
2457290.821306997910 20141221 17:05:42.4 145.223 71.313
2457290.821306997910 20141221 17:06:42.4 145.435 71.204
2457290.821306997910 20141221 17:07:42.4 145.648 71.095
2457290.821306997910 20141221 17:08:42.4 145.862 70.987
2457290.821306997910 20141221 17:09:42.4 146.076 70.879
2457290.821306997910 20141221 17:10:42.4 146.290 70.772
2457290.821306997910 20141221 17:11:42.4 146.505 70.665
2457290.821306997910 20141221 17:12:42.4 146.720 70.559
2457290.821306997910 20141221 17:13:42.4 146.936 70.454
2457290.821306997910 20141221 17:14:42.4 147.153 70.349
2457290.821306997910 20141221 17:15:42.4 147.369 70.245
2457290.821306997910 20141221 17:16:42.4 147.587 70.141
2457290.821306997910 20141221 17:17:42.4 147.805 70.038
2457290.821306997910 20141221 17:18:42.4 148.023 69.936
2457290.821306997910 20141221 17:19:42.4 148.241 69.834
2457290.821306997910 20141221 17:20:42.4 148.461 69.733
2457290.821306997910 20141221 17:21:42.4 148.680 69.633
2457290.821306997910 20141221 17:22:42.4 148.900 69.533
2457290.821306997910 20141221 17:23:42.4 149.121 69.434
2457290.821306997910 20141221 17:24:42.4 149.342 69.335
2457290.821306997910 20141221 17:25:42.4 149.564 69.237
2457290.821306997910 20141221 17:26:42.4 149.786 69.140
2457290.821306997910 20141221 17:27:42.4 150.008 69.044
2457290.821306997910 20141221 17:28:42.4 150.231 68.948
2457290.821306997910 20141221 17:29:42.4 150.455 68.852
2457290.821306997910 20141221 17:30:42.4 150.678 68.758
2457290.821306997910 20141221 17:31:42.4 150.903 68.664
2457290.821306997910 20141221 17:32:42.4 151.128 68.570
2457290.821306997910 20141221 17:33:42.4 151.353 68.478
2457290.821306997910 20141221 17:34:42.4 151.579 68.386
2457290.821306997910 20141221 17:35:42.4 151.805 68.294
2457290.821306997910 20141221 17:36:42.4 152.031 68.204
2457290.821306997910 20141221 17:37:42.4 152.258 68.114
2457290.821306997910 20141221 17:38:42.4 152.486 68.024
2457290.821306997910 20141221 17:39:42.4 152.714 67.936
2457290.821306997910 20141221 17:40:42.4 152.942 67.848
2457290.821306997910 20141221 17:41:42.4 153.171 67.760
2457290.821306997910 20141221 17:42:42.4 153.401 67.674
2457290.821306997910 20141221 17:43:42.4 153.630 67.588
2457290.821306997910 20141221 17:44:42.4 153.861 67.502
2457290.821306997910 20141221 17:45:42.4 154.091 67.418
2457290.821306997910 20141221 17:46:42.4 154.322 67.334
2457290.821306997910 20141221 17:47:42.4 154.554 67.251
2457290.821306997910 20141221 17:48:42.4 154.786 67.169
2457290.821306997910 20141221 17:49:42.4 155.018 67.087
2457290.821306997910 20141221 17:50:42.4 155.251 67.006
2457290.821306997910 20141221 17:51:42.4 155.485 66.926
2457290.821306997910 20141221 17:52:42.4 155.718 66.846
2457290.821306997910 20141221 17:53:42.4 155.952 66.767
2457290.821306997910 20141221 17:54:42.4 156.187 66.689
2457290.821306997910 20141221 17:55:42.4 156.422 66.611
2457290.821306997910 20141221 17:56:42.4 156.657 66.535
2457290.821306997910 20141221 17:57:42.4 156.893 66.459
2457290.821306997910 20141221 17:58:42.4 157.129 66.383
2457290.821306997910 20141221 17:59:42.4 157.366 66.309
2457290.821306997910 20141221 18:00:42.4 157.603 66.235
2457290.821306997910 20141221 18:01:42.4 157.841 66.162
2457290.821306997910 20141221 18:02:42.4 158.078 66.090
2457290.821306997910 20141221 18:03:42.4 158.317 66.018
2457290.821306997910 20141221 18:04:42.4 158.555 65.947
2457290.821306997910 20141221 18:05:42.4 158.794 65.877
2457290.821306997910 20141221 18:06:42.4 159.034 65.808
2457290.821306997910 20141221 18:07:42.4 159.274 65.739
2457290.821306997910 20141221 18:08:42.4 159.514 65.672
2457290.821306997910 20141221 18:09:42.4 159.755 65.605
2457290.821306997910 20141221 18:10:42.4 159.996 65.538
2457290.821306997910 20141221 18:11:42.4 160.237 65.473
2457290.821306997910 20141221 18:12:42.4 160.479 65.408
2457290.821306997910 20141221 18:13:42.4 160.721 65.344
2457290.821306997910 20141221 18:14:42.4 160.963 65.281
2457290.821306997910 20141221 18:15:42.4 161.206 65.218
2457290.821306997910 20141221 18:16:42.4 161.450 65.156
2457290.821306997910 20141221 18:17:42.4 161.693 65.096
2457290.821306997910 20141221 18:18:42.4 161.937 65.035
2457290.821306997910 20141221 18:19:42.4 162.181 64.976
2457290.821306997910 20141221 18:20:42.4 162.426 64.917
2457290.821306997910 20141221 18:21:42.4 162.671 64.860
2457290.821306997910 20141221 18:22:42.4 162.916 64.803
2457290.821306997910 20141221 18:23:42.4 163.162 64.746
2457290.821306997910 20141221 18:24:42.4 163.408 64.691
2457290.821306997910 20141221 18:25:42.4 163.654 64.636
2457290.821306997910 20141221 18:26:42.4 163.901 64.583
2457290.821306997910 20141221 18:27:42.4 164.148 64.529
2457290.821306997910 20141221 18:28:42.4 164.395 64.477
2457290.821306997910 20141221 18:29:42.4 164.643 64.426
2457290.821306997910 20141221 18:30:42.4 164.891 64.375
2457290.821306997910 20141221 18:31:42.4 165.139 64.325
2457290.821306997910 20141221 18:32:42.4 165.387 64.276
2457290.821306997910 20141221 18:33:42.4 165.636 64.228
2457290.821306997910 20141221 18:34:42.4 165.885 64.181
2457290.821306997910 20141221 18:35:42.4 166.135 64.134
2457290.821306997910 20141221 18:36:42.4 166.384 64.088
2457290.821306997910 20141221 18:37:42.4 166.634 64.043
2457290.821306997910 20141221 18:38:42.4 166.885 63.999
2457290.821306997910 20141221 18:39:42.4 167.135 63.956
2457290.821306997910 20141221 18:40:42.4 167.386 63.913
2457290.821306997910 20141221 18:41:42.4 167.637 63.872
2457290.821306997910 20141221 18:42:42.4 167.888 63.831
2457290.821306997910 20141221 18:43:42.4 168.140 63.791
2457290.821306997910 20141221 18:44:42.4 168.392 63.752
2457290.821306997910 20141221 18:45:42.4 168.644 63.713
2457290.821306997910 20141221 18:46:42.4 168.896 63.676
2457290.821306997910 20141221 18:47:42.4 169.148 63.639
2457290.821306997910 20141221 18:48:42.4 169.401 63.603
2457290.821306997910 20141221 18:49:42.4 169.654 63.568
2457290.821306997910 20141221 18:50:42.4 169.907 63.534
2457290.821306997910 20141221 18:51:42.4 170.161 63.501
2457290.821306997910 20141221 18:52:42.4 170.414 63.468
2457290.821306997910 20141221 18:53:42.4 170.668 63.436
2457290.821306997910 20141221 18:54:42.4 170.922 63.405
2457290.821306997910 20141221 18:55:42.4 171.176 63.376
2457290.821306997910 20141221 18:56:42.4 171.431 63.346
2457290.821306997910 20141221 18:57:42.4 171.685 63.318
2457290.821306997910 20141221 18:58:42.4 171.940 63.291
2457290.821306997910 20141221 18:59:42.4 172.195 63.264
2457290.821306997910 20141221 19:00:42.4 172.450 63.238
2457290.821306997910 20141221 19:01:42.4 172.705 63.213
2457290.821306997910 20141221 19:02:42.4 172.961 63.189
2457290.821306997910 20141221 19:03:42.4 173.216 63.166
2457290.821306997910 20141221 19:04:42.4 173.472 63.144
2457290.821306997910 20141221 19:05:42.4 173.728 63.122
2457290.821306997910 20141221 19:06:42.4 173.984 63.102
2457290.821306997910 20141221 19:07:42.4 174.240 63.082
2457290.821306997910 20141221 19:08:42.4 174.496 63.063
2457290.821306997910 20141221 19:09:42.4 174.753 63.045
2457290.821306997910 20141221 19:10:42.4 175.009 63.028
2457290.821306997910 20141221 19:11:42.4 175.266 63.011
2457290.821306997910 20141221 19:12:42.4 175.522 62.996
2457290.821306997910 20141221 19:13:42.4 175.779 62.981
2457290.821306997910 20141221 19:14:42.4 176.036 62.968
2457290.821306997910 20141221 19:15:42.4 176.293 62.955
2457290.821306997910 20141221 19:16:42.4 176.550 62.943
2457290.821306997910 20141221 19:17:42.4 176.807 62.931
2457290.821306997910 20141221 19:18:42.4 177.064 62.921
2457290.821306997910 20141221 19:19:42.4 177.322 62.912
2457290.821306997910 20141221 19:20:42.4 177.579 62.903
2457290.821306997910 20141221 19:21:42.4 177.836 62.895
2457290.821306997910 20141221 19:22:42.4 178.094 62.889
2457290.821306997910 20141221 19:23:42.4 178.351 62.883
2457290.821306997910 20141221 19:24:42.4 178.609 62.877
2457290.821306997910 20141221 19:25:42.4 178.866 62.873
2457290.821306997910 20141221 19:26:42.4 179.124 62.870
2457290.821306997910 20141221 19:27:42.4 179.382 62.867
2457290.821306997910 20141221 19:28:42.4 179.639 62.866
2457290.821306997910 20141221 19:29:42.4 179.897 62.865
2457290.821306997910 20141221 19:30:42.4 180.154 62.865
2457290.821306997910 20141221 19:31:42.4 180.412 62.866
2457290.821306997910 20141221 19:32:42.4 180.670 62.868
2457290.821306997910 20141221 19:33:42.4 180.927 62.870
2457290.821306997910 20141221 19:34:42.4 181.185 62.874
2457290.821306997910 20141221 19:35:42.4 181.442 62.878
2457290.821306997910 20141221 19:36:42.4 181.700 62.884
2457290.821306997910 20141221 19:37:42.4 181.957 62.890
2457290.821306997910 20141221 19:38:42.4 182.215 62.897
2457290.821306997910 20141221 19:39:42.4 182.472 62.905
2457290.821306997910 20141221 19:40:42.4 182.729 62.914
2457290.821306997910 20141221 19:41:42.4 182.986 62.923
2457290.821306997910 20141221 19:42:42.4 183.244 62.934
2457290.821306997910 20141221 19:43:42.4 183.501 62.945
2457290.821306997910 20141221 19:44:42.4 183.758 62.957
2457290.821306997910 20141221 19:45:42.4 184.015 62.970
2457290.821306997910 20141221 19:46:42.4 184.272 62.984
2457290.821306997910 20141221 19:47:42.4 184.528 62.999
2457290.821306997910 20141221 19:48:42.4 184.785 63.015
2457290.821306997910 20141221 19:49:42.4 185.042 63.031
2457290.821306997910 20141221 19:50:42.4 185.298 63.048
2457290.821306997910 20141221 19:51:42.4 185.555 63.067
2457290.821306997910 20141221 19:52:42.4 185.811 63.086
2457290.821306997910 20141221 19:53:42.4 186.067 63.106
2457290.821306997910 20141221 19:54:42.4 186.323 63.127
2457290.821306997910 20141221 19:55:42.4 186.579 63.148
2457290.821306997910 20141221 19:56:42.4 186.834 63.171
2457290.821306997910 20141221 19:57:42.4 187.090 63.194
2457290.821306997910 20141221 19:58:42.4 187.345 63.218
2457290.821306997910 20141221 19:59:42.4 187.600 63.243
2457290.821306997910 20141221 20:00:42.4 187.856 63.269
2457290.821306997910 20141221 20:01:42.4 188.110 63.296
2457290.821306997910 20141221 20:02:42.4 188.365 63.324
2457290.821306997910 20141221 20:03:42.4 188.620 63.352
2457290.821306997910 20141221 20:04:42.4 188.874 63.381
2457290.821306997910 20141221 20:05:42.4 189.128 63.412
2457290.821306997910 20141221 20:06:42.4 189.382 63.443
2457290.821306997910 20141221 20:07:42.4 189.636 63.474
2457290.821306997910 20141221 20:08:42.4 189.889 63.507
2457290.821306997910 20141221 20:09:42.4 190.143 63.541
2457290.821306997910 20141221 20:10:42.4 190.396 63.575
2457290.821306997910 20141221 20:11:42.4 190.649 63.610
2457290.821306997910 20141221 20:12:42.4 190.902 63.646
2457290.821306997910 20141221 20:13:42.4 191.154 63.683
2457290.821306997910 20141221 20:14:42.4 191.406 63.721
2457290.821306997910 20141221 20:15:42.4 191.658 63.759
2457290.821306997910 20141221 20:16:42.4 191.910 63.799
2457290.821306997910 20141221 20:17:42.4 192.162 63.839
2457290.821306997910 20141221 20:18:42.4 192.413 63.880
2457290.821306997910 20141221 20:19:42.4 192.664 63.922
2457290.821306997910 20141221 20:20:42.4 192.914 63.964
2457290.821306997910 20141221 20:21:42.4 193.165 64.008
2457290.821306997910 20141221 20:22:42.4 193.415 64.052
2457290.821306997910 20141221 20:23:42.4 193.665 64.097
2457290.821306997910 20141221 20:24:42.4 193.915 64.143
2457290.821306997910 20141221 20:25:42.4 194.164 64.190
2457290.821306997910 20141221 20:26:42.4 194.413 64.238
2457290.821306997910 20141221 20:27:42.4 194.662 64.286
2457290.821306997910 20141221 20:28:42.4 194.910 64.335
2457290.821306997910 20141221 20:29:42.4 195.158 64.385
2457290.821306997910 20141221 20:30:42.4 195.406 64.436
2457290.821306997910 20141221 20:31:42.4 195.654 64.488
2457290.821306997910 20141221 20:32:42.4 195.901 64.540
2457290.821306997910 20141221 20:33:42.4 196.148 64.593
2457290.821306997910 20141221 20:34:42.4 196.395 64.647
2457290.821306997910 20141221 20:35:42.4 196.641 64.702
2457290.821306997910 20141221 20:36:42.4 196.887 64.758
2457290.821306997910 20141221 20:37:42.4 197.132 64.814
2457290.821306997910 20141221 20:38:42.4 197.378 64.871
2457290.821306997910 20141221 20:39:42.4 197.622 64.929
2457290.821306997910 20141221 20:40:42.4 197.867 64.988
2457290.821306997910 20141221 20:41:42.4 198.111 65.047
2457290.821306997910 20141221 20:42:42.4 198.355 65.108
2457290.821306997910 20141221 20:43:42.4 198.599 65.169
2457290.821306997910 20141221 20:44:42.4 198.842 65.231
2457290.821306997910 20141221 20:45:42.4 199.085 65.293
2457290.821306997910 20141221 20:46:42.4 199.327 65.357
2457290.821306997910 20141221 20:47:42.4 199.569 65.421
2457290.821306997910 20141221 20:48:42.4 199.811 65.486
2457290.821306997910 20141221 20:49:42.4 200.052 65.551
2457290.821306997910 20141221 20:50:42.4 200.293 65.618
2457290.821306997910 20141221 20:51:42.4 200.534 65.685
2457290.821306997910 20141221 20:52:42.4 200.774 65.753
2457290.821306997910 20141221 20:53:42.4 201.013 65.822
2457290.821306997910 20141221 20:54:42.4 201.253 65.891
2457290.821306997910 20141221 20:55:42.4 201.492 65.962
2457290.821306997910 20141221 20:56:42.4 201.730 66.032
2457290.821306997910 20141221 20:57:42.4 201.969 66.104
2457290.821306997910 20141221 20:58:42.4 202.206 66.177
2457290.821306997910 20141221 20:59:42.4 202.444 66.250
2457290.821306997910 20141221 21:00:42.4 202.681 66.324
2457290.821306997910 20141221 21:01:42.4 202.917 66.398
2457290.821306997910 20141221 21:02:42.4 203.154 66.474
2457290.821306997910 20141221 21:03:42.4 203.389 66.550
2457290.821306997910 20141221 21:04:42.4 203.625 66.627
2457290.821306997910 20141221 21:05:42.4 203.859 66.704
2457290.821306997910 20141221 21:06:42.4 204.094 66.783
2457290.821306997910 20141221 21:07:42.4 204.328 66.862
2457290.821306997910 20141221 21:08:42.4 204.562 66.942
2457290.821306997910 20141221 21:09:42.4 204.795 67.022
2457290.821306997910 20141221 21:10:42.4 205.028 67.103
2457290.821306997910 20141221 21:11:42.4 205.260 67.185
2457290.821306997910 20141221 21:12:42.4 205.492 67.268
2457290.821306997910 20141221 21:13:42.4 205.723 67.351
2457290.821306997910 20141221 21:14:42.4 205.954 67.435
2457290.821306997910 20141221 21:15:42.4 206.185 67.519
2457290.821306997910 20141221 21:16:42.4 206.415 67.605
2457290.821306997910 20141221 21:17:42.4 206.645 67.691
2457290.821306997910 20141221 21:18:42.4 206.874 67.778
2457290.821306997910 20141221 21:19:42.4 207.103 67.865
2457290.821306997910 20141221 21:20:42.4 207.331 67.953
2457290.821306997910 20141221 21:21:42.4 207.559 68.042
2457290.821306997910 20141221 21:22:42.4 207.787 68.131
2457290.821306997910 20141221 21:23:42.4 208.014 68.222
2457290.821306997910 20141221 21:24:42.4 208.240 68.312
2457290.821306997910 20141221 21:25:42.4 208.466 68.404
2457290.821306997910 20141221 21:26:42.4 208.692 68.496
2457290.821306997910 20141221 21:27:42.4 208.917 68.589
2457290.821306997910 20141221 21:28:42.4 209.142 68.682
2457290.821306997910 20141221 21:29:42.4 209.366 68.777
2457290.821306997910 20141221 21:30:42.4 209.590 68.871
2457290.821306997910 20141221 21:31:42.4 209.813 68.967
2457290.821306997910 20141221 21:32:42.4 210.036 69.063
2457290.821306997910 20141221 21:33:42.4 210.258 69.160
2457290.821306997910 20141221 21:34:42.4 210.480 69.257
2457290.821306997910 20141221 21:35:42.4 210.702 69.355
2457290.821306997910 20141221 21:36:42.4 210.923 69.454
2457290.821306997910 20141221 21:37:42.4 211.143 69.553
2457290.821306997910 20141221 21:38:42.4 211.363 69.653
2457290.821306997910 20141221 21:39:42.4 211.583 69.754
2457290.821306997910 20141221 21:40:42.4 211.802 69.855
2457290.821306997910 20141221 21:41:42.4 212.020 69.957
2457290.821306997910 20141221 21:42:42.4 212.239 70.059
2457290.821306997910 20141221 21:43:42.4 212.456 70.162
2457290.821306997910 20141221 21:44:42.4 212.673 70.266
2457290.821306997910 20141221 21:45:42.4 212.890 70.370
2457290.821306997910 20141221 21:46:42.4 213.106 70.475
2457290.821306997910 20141221 21:47:42.4 213.322 70.580
2457290.821306997910 20141221 21:48:42.4 213.538 70.686
2457290.821306997910 20141221 21:49:42.4 213.752 70.793
2457290.821306997910 20141221 21:50:42.4 213.967 70.900
2457290.821306997910 20141221 21:51:42.4 214.181 71.008
2457290.821306997910 20141221 21:52:42.4 214.394 71.117
2457290.821306997910 20141221 21:53:42.4 214.607 71.226
2457290.821306997910 20141221 21:54:42.4 214.819 71.335
2457290.821306997910 20141221 21:55:42.4 215.031 71.446
2457290.821306997910 20141221 21:56:42.4 215.243 71.557
2457290.821306997910 20141221 21:57:42.4 215.454 71.668
2457290.821306997910 20141221 21:58:42.4 215.664 71.780
2457290.821306997910 20141221 21:59:42.4 215.874 71.892
2457290.821306997910 20141221 22:00:42.4 216.084 72.006
2457290.821306997910 20141221 22:01:42.4 216.293 72.119
2457290.821306997910 20141221 22:02:42.4 216.502 72.233
2457290.821306997910 20141221 22:03:42.4 216.710 72.348
2457290.821306997910 20141221 22:04:42.4 216.918 72.464
2457290.821306997910 20141221 22:05:42.4 217.125 72.579
2457290.821306997910 20141221 22:06:42.4 217.332 72.696
2457290.821306997910 20141221 22:07:42.4 217.538 72.813
2457290.821306997910 20141221 22:08:42.4 217.744 72.930
2457290.821306997910 20141221 22:09:42.4 217.949 73.049
2457290.821306997910 20141221 22:10:42.4 218.154 73.167
2457290.821306997910 20141221 22:11:42.4 218.358 73.286
2457290.821306997910 20141221 22:12:42.4 218.562 73.406
2457290.821306997910 20141221 22:13:42.4 218.765 73.526
2457290.821306997910 20141221 22:14:42.4 218.968 73.647
2457290.821306997910 20141221 22:15:42.4 219.171 73.768
2457290.821306997910 20141221 22:16:42.4 219.373 73.890
2457290.821306997910 20141221 22:17:42.4 219.574 74.012
2457290.821306997910 20141221 22:18:42.4 219.775 74.135
2457290.821306997910 20141221 22:19:42.4 219.976 74.259
2457290.821306997910 20141221 22:20:42.4 220.176 74.383
2457290.821306997910 20141221 22:21:42.4 220.376 74.507
2457290.821306997910 20141221 22:22:42.4 220.575 74.632
2457290.821306997910 20141221 22:23:42.4 220.774 74.757
2457290.821306997910 20141221 22:24:42.4 220.972 74.883
2457290.821306997910 20141221 22:25:42.4 221.170 75.009
2457290.821306997910 20141221 22:26:42.4 221.367 75.136
2457290.821306997910 20141221 22:27:42.4 221.564 75.264
2457290.821306997910 20141221 22:28:42.4 221.761 75.391
2457290.821306997910 20141221 22:29:42.4 221.957 75.520
2457290.821306997910 20141221 22:30:42.4 222.152 75.649
2457290.821306997910 20141221 22:31:42.4 222.347 75.778
2457290.821306997910 20141221 22:32:42.4 222.542 75.908
2457290.821306997910 20141221 22:33:42.4 222.736 76.038
2457290.821306997910 20141221 22:34:42.4 222.930 76.169
2457290.821306997910 20141221 22:35:42.4 223.123 76.300
2457290.821306997910 20141221 22:36:42.4 223.316 76.431
2457290.821306997910 20141221 22:37:42.4 223.508 76.563
2457290.821306997910 20141221 22:38:42.4 223.700 76.696
2457290.821306997910 20141221 22:39:42.4 223.891 76.829
2457290.821306997910 20141221 22:40:42.4 224.082 76.962
2457290.821306997910 20141221 22:41:42.4 224.273 77.096
2457290.821306997910 20141221 22:42:42.4 224.463 77.231
2457290.821306997910 20141221 22:43:42.4 224.653 77.366
2457290.821306997910 20141221 22:44:42.4 224.842 77.501
2457290.821306997910 20141221 22:45:42.4 225.031 77.636
2457290.821306997910 20141221 22:46:42.4 225.219 77.773
2457290.821306997910 20141221 22:47:42.4 225.407 77.909
2457290.821306997910 20141221 22:48:42.4 225.594 78.046
2457290.821306997910 20141221 22:49:42.4 225.781 78.183
2457290.821306997910 20141221 22:50:42.4 225.968 78.321
2457290.821306997910 20141221 22:51:42.4 226.154 78.460
2457290.821306997910 20141221 22:52:42.4 226.340 78.598
2457290.821306997910 20141221 22:53:42.4 226.525 78.737
2457290.821306997910 20141221 22:54:42.4 226.710 78.877
2457290.821306997910 20141221 22:55:42.4 226.894 79.017
2457290.821306997910 20141221 22:56:42.4 227.079 79.157
2457290.821306997910 20141221 22:57:42.4 227.262 79.298
2457290.821306997910 20141221 22:58:42.4 227.445 79.439
2457290.821306997910 20141221 22:59:42.4 227.628 79.580
2457290.821306997910 20141221 23:00:42.4 227.810 79.722
2457290.821306997910 20141221 23:01:42.4 227.992 79.864
2457290.821306997910 20141221 23:02:42.4 228.174 80.007
2457290.821306997910 20141221 23:03:42.4 228.355 80.150
2457290.821306997910 20141221 23:04:42.4 228.536 80.293
2457290.821306997910 20141221 23:05:42.4 228.716 80.437
2457290.821306997910 20141221 23:06:42.4 228.896 80.581
2457290.821306997910 20141221 23:07:42.4 229.075 80.726
2457290.821306997910 20141221 23:08:42.4 229.254 80.871
2457290.821306997910 20141221 23:09:42.4 229.433 81.016
2457290.821306997910 20141221 23:10:42.4 229.611 81.161
2457290.821306997910 20141221 23:11:42.4 229.789 81.307
2457290.821306997910 20141221 23:12:42.4 229.967 81.454
2457290.821306997910 20141221 23:13:42.4 230.144 81.600
2457290.821306997910 20141221 23:14:42.4 230.321 81.747
2457290.821306997910 20141221 23:15:42.4 230.497 81.894
2457290.821306997910 20141221 23:16:42.4 230.673 82.042
2457290.821306997910 20141221 23:17:42.4 230.848 82.190
2457290.821306997910 20141221 23:18:42.4 231.023 82.338
2457290.821306997910 20141221 23:19:42.4 231.198 82.487
2457290.821306997910 20141221 23:20:42.4 231.373 82.636
2457290.821306997910 20141221 23:21:42.4 231.547 82.785
2457290.821306997910 20141221 23:22:42.4 231.720 82.934
2457290.821306997910 20141221 23:23:42.4 231.893 83.084
2457290.821306997910 20141221 23:24:42.4 232.066 83.234
2457290.821306997910 20141221 23:25:42.4 232.239 83.385
2457290.821306997910 20141221 23:26:42.4 232.411 83.535
2457290.821306997910 20141221 23:27:42.4 232.583 83.686
2457290.821306997910 20141221 23:28:42.4 232.754 83.837
2457290.821306997910 20141221 23:29:42.4 232.925 83.989
2457290.821306997910 20141221 23:30:42.4 233.096 84.140
2457290.821306997910 20141221 23:31:42.4 233.266 84.292
2457290.821306997910 20141221 23:32:42.4 233.436 84.444
2457290.821306997910 20141221 23:33:42.4 233.605 84.597
2457290.821306997910 20141221 23:34:42.4 233.775 84.749
2457290.821306997910 20141221 23:35:42.4 233.944 84.902
2457290.821306997910 20141221 23:36:42.4 234.112 85.055
2457290.821306997910 20141221 23:37:42.4 234.280 85.208
2457290.821306997910 20141221 23:38:42.4 234.448 85.362
2457290.821306997910 20141221 23:39:42.4 234.616 85.515
2457290.821306997910 20141221 23:40:42.4 234.783 85.669
2457290.821306997910 20141221 23:41:42.4 234.949 85.822
2457290.821306997910 20141221 23:42:42.4 235.116 85.976
2457290.821306997910 20141221 23:43:42.4 235.282 86.130
2457290.821306997910 20141221 23:44:42.4 235.448 86.284
2457290.821306997910 20141221 23:45:42.4 235.613 86.438
2457290.821306997910 20141221 23:46:42.4 235.778 86.592
2457290.821306997910 20141221 23:47:42.4 235.943 86.746
2457290.821306997910 20141221 23:48:42.4 236.108 86.900
2457290.821306997910 20141221 23:49:42.4 236.272 87.054
2457290.821306997910 20141221 23:50:42.4 236.435 87.208
2457290.821306997910 20141221 23:51:42.4 236.599 87.362
2457290.821306997910 20141221 23:52:42.4 236.762 87.515
2457290.821306997910 20141221 23:53:42.4 236.925 87.669
2457290.821306997910 20141221 23:54:42.4 237.087 87.822
2457290.821306997910 20141221 23:55:42.4 237.250 87.974
2457290.821306997910 20141221 23:56:42.4 237.412 88.127
2457290.821306997910 20141221 23:57:42.4 237.573 88.279
2457290.821306997910 20141221 23:58:42.4 237.734 88.431
2457290.821306997910 20141221 23:59:42.4 237.895 88.582
2457290.821306997910 20141222 00:00:42.4 238.056 88.732
2457290.821306997910 20141222 00:01:42.4 238.217 88.882
2457290.821306997910 20141222 00:02:42.4 238.377 89.031
2457290.821306997910 20141222 00:03:42.4 238.536 89.179
2457290.821306997910 20141222 00:04:42.4 238.696 89.327
2457290.821306997910 20141222 00:05:42.4 238.855 89.473
2457290.821306997910 20141222 00:06:42.4 239.014 89.618
2457290.821306997910 20141222 00:07:42.4 239.173 89.762
2457290.821306997910 20141222 00:08:42.4 239.331 89.905
