2457290.821306997910 20150621 12:07:41.4 58.623 89.941
2457290.821306997910 20150621 12:08:41.4 58.782 89.799
2457290.821306997910 20150621 12:09:41.4 58.941 89.655
2457290.821306997910 20150621 12:10:41.4 59.100 89.510
2457290.821306997910 20150621 12:11:41.4 59.259 89.363
2457290.821306997910 20150621 12:12:41.4 59.417 89.215
2457290.821306997910 20150621 12:13:41.4 59.575 89.066
2457290.821306997910 20150621 12:14:41.4 59.733 88.915
2457290.821306997910 20150621 12:15:41.4 59.890 88.762
2457290.821306997910 20150621 12:16:41.4 60.047 88.609
2457290.821306997910 20150621 12:17:41.4 60.204 88.454
2457290.821306997910 20150621 12:18:41.4 60.360 88.298
2457290.821306997910 20150621 12:19:41.4 60.517 88.142
2457290.821306997910 20150621 12:20:41.4 60.673 87.984
2457290.821306997910 20150621 12:21:41.4 60.829 87.825
2457290.821306997910 20150621 12:22:41.4 60.984 87.666
2457290.821306997910 20150621 12:23:41.4 61.139 87.505
2457290.821306997910 20150621 12:24:41.4 61.294 87.344
2457290.821306997910 20150621 12:25:41.4 61.449 87.182
2457290.821306997910 20150621 12:26:41.4 61.604 87.020
2457290.821306997910 20150621 12:27:41.4 61.758 86.856
2457290.821306997910 20150621 12:28:41.4 61.912 86.693
2457290.821306997910 20150621 12:29:41.4 62.066 86.528
2457290.821306997910 20150621 12:30:41.4 62.219 86.363
2457290.821306997910 20150621 12:31:41.4 62.372 86.198
2457290.821306997910 20150621 12:32:41.4 62.525 86.031
2457290.821306997910 20150621 12:33:41.4 62.678 85.865
2457290.821306997910 20150621 12:34:41.4 62.831 85.698
2457290.821306997910 20150621 12:35:41.4 62.983 85.530
2457290.821306997910 20150621 12:36:41.4 63.135 85.362
2457290.821306997910 20150621 12:37:41.4 63.287 85.194
2457290.821306997910 20150621 12:38:41.4 63.439 85.025
2457290.821306997910 20150621 12:39:41.4 63.590 84.856
2457290.821306997910 20150621 12:40:41.4 63.741 84.686
2457290.821306997910 20150621 12:41:41.4 63.892 84.516
2457290.821306997910 20150621 12:42:41.4 64.043 84.346
2457290.821306997910 20150621 12:43:41.4 64.194 84.175
2457290.821306997910 20150621 12:44:41.4 64.344 84.004
2457290.821306997910 20150621 12:45:41.4 64.494 83.833
2457290.821306997910 20150621 12:46:41.4 64.644 83.661
2457290.821306997910 20150621 12:47:41.4 64.794 83.489
2457290.821306997910 20150621 12:48:41.4 64.943 83.316
2457290.821306997910 20150621 12:49:41.4 65.092 83.144
2457290.821306997910 20150621 12:50:41.4 65.242 82.971
2457290.821306997910 20150621 12:51:41.4 65.390 82.797
2457290.821306997910 20150621 12:52:41.4 65.539 82.624
2457290.821306997910 20150621 12:53:41.4 65.688 82.450
2457290.821306997910 20150621 12:54:41.4 65.836 82.276
2457290.821306997910 20150621 12:55:41.4 65.984 82.102
2457290.821306997910 20150621 12:56:41.4 66.132 81.927
2457290.821306997910 20150621 12:57:41.4 66.280 81.752
2457290.821306997910 20150621 12:58:41.4 66.428 81.577
2457290.821306997910 20150621 12:59:41.4 66.575 81.401
2457290.821306997910 20150621 13:00:41.4 66.722 81.226
2457290.821306997910 20150621 13:01:41.4 66.869 81.050
2457290.821306997910 20150621 13:02:41.4 67.016 80.874
2457290.821306997910 20150621 13:03:41.4 67.163 80.697
2457290.821306997910 20150621 13:04:41.4 67.310 80.521
2457290.821306997910 20150621 13:05:41.4 67.456 80.344
2457290.821306997910 20150621 13:06:41.4 67.602 80.167
2457290.821306997910 20150621 13:07:41.4 67.748 79.989
2457290.821306997910 20150621 13:08:41.4 67.894 79.812
2457290.821306997910 20150621 13:09:41.4 68.040 79.634
2457290.821306997910 20150621 13:10:41.4 68.186 79.456
2457290.821306997910 20150621 13:11:41.4 68.331 79.278
2457290.821306997910 20150621 13:12:41.4 68.477 79.099
2457290.821306997910 20150621 13:13:41.4 68.622 78.921
2457290.821306997910 20150621 13:14:41.4 68.767 78.742
2457290.821306997910 20150621 13:15:41.4 68.912 78.563
2457290.821306997910 20150621 13:16:41.4 69.057 78.384
2457290.821306997910 20150621 13:17:41.4 69.201 78.204
2457290.821306997910 20150621 13:18:41.4 69.346 78.025
2457290.821306997910 20150621 13:19:41.4 69.490 77.845
2457290.821306997910 20150621 13:20:41.4 69.635 77.665
2457290.821306997910 20150621 13:21:41.4 69.779 77.485
2457290.821306997910 20150621 13:22:41.4 69.923 77.304
2457290.821306997910 20150621 13:23:41.4 70.067 77.124
2457290.821306997910 20150621 13:24:41.4 70.211 76.943
2457290.821306997910 20150621 13:25:41.4 70.354 76.762
2457290.821306997910 20150621 13:26:41.4 70.498 76.581
2457290.821306997910 20150621 13:27:41.4 70.641 76.400
2457290.821306997910 20150621 13:28:41.4 70.785 76.218
2457290.821306997910 20150621 13:29:41.4 70.928 76.036
2457290.821306997910 20150621 13:30:41.4 71.071 75.855
2457290.821306997910 20150621 13:31:41.4 71.214 75.673
2457290.821306997910 20150621 13:32:41.4 71.357 75.490
2457290.821306997910 20150621 13:33:41.4 71.500 75.308
2457290.821306997910 20150621 13:34:41.4 71.643 75.126
2457290.821306997910 20150621 13:35:41.4 71.785 74.943
2457290.821306997910 20150621 13:36:41.4 71.928 74.760
2457290.821306997910 20150621 13:37:41.4 72.071 74.577
2457290.821306997910 20150621 13:38:41.4 72.213 74.394
2457290.821306997910 20150621 13:39:41.4 72.355 74.211
2457290.821306997910 20150621 13:40:41.4 72.498 74.027
2457290.821306997910 20150621 13:41:41.4 72.640 73.844
2457290.821306997910 20150621 13:42:41.4 72.782 73.660
2457290.821306997910 20150621 13:43:41.4 72.924 73.476
2457290.821306997910 20150621 13:44:41.4 73.066 73.292
2457290.821306997910 20150621 13:45:41.4 73.208 73.108
2457290.821306997910 20150621 13:46:41.4 73.350 72.923
2457290.821306997910 20150621 13:47:41.4 73.492 72.739
2457290.821306997910 20150621 13:48:41.4 73.634 72.554
2457290.821306997910 20150621 13:49:41.4 73.776 72.369
2457290.821306997910 20150621 13:50:41.4 73.917 72.184
2457290.821306997910 20150621 13:51:41.4 74.059 71.999
2457290.821306997910 20150621 13:52:41.4 74.201 71.814
2457290.821306997910 20150621 13:53:41.4 74.342 71.629
2457290.821306997910 20150621 13:54:41.4 74.484 71.443
2457290.821306997910 20150621 13:55:41.4 74.625 71.258
2457290.821306997910 20150621 13:56:41.4 74.767 71.072
2457290.821306997910 20150621 13:57:41.4 74.908 70.886
2457290.821306997910 20150621 13:58:41.4 75.050 70.700
2457290.821306997910 20150621 13:59:41.4 75.191 70.514
2457290.821306997910 20150621 14:00:41.4 75.333 70.327
2457290.821306997910 20150621 14:01:41.4 75.474 70.141
2457290.821306997910 20150621 14:02:41.4 75.615 69.955
2457290.821306997910 20150621 14:03:41.4 75.757 69.768
2457290.821306997910 20150621 14:04:41.4 75.898 69.581
2457290.821306997910 20150621 14:05:41.4 76.040 69.394
2457290.821306997910 20150621 14:06:41.4 76.181 69.207
2457290.821306997910 20150621 14:07:41.4 76.322 69.020
2457290.821306997910 20150621 14:08:41.4 76.464 68.833
2457290.821306997910 20150621 14:09:41.4 76.605 68.645
2457290.821306997910 20150621 14:10:41.4 76.746 68.458
2457290.821306997910 20150621 14:11:41.4 76.888 68.270
2457290.821306997910 20150621 14:12:41.4 77.029 68.082
2457290.821306997910 20150621 14:13:41.4 77.171 67.895
2457290.821306997910 20150621 14:14:41.4 77.312 67.707
2457290.821306997910 20150621 14:15:41.4 77.454 67.519
2457290.821306997910 20150621 14:16:41.4 77.595 67.331
2457290.821306997910 20150621 14:17:41.4 77.737 67.142
2457290.821306997910 20150621 14:18:41.4 77.878 66.954
2457290.821306997910 20150621 14:19:41.4 78.020 66.765
2457290.821306997910 20150621 14:20:41.4 78.162 66.577
2457290.821306997910 20150621 14:21:41.4 78.303 66.388
2457290.821306997910 20150621 14:22:41.4 78.445 66.199
2457290.821306997910 20150621 14:23:41.4 78.587 66.010
2457290.821306997910 20150621 14:24:41.4 78.729 65.821
2457290.821306997910 20150621 14:25:41.4 78.871 65.632
2457290.821306997910 20150621 14:26:41.4 79.013 65.443
2457290.821306997910 20150621 14:27:41.4 79.155 65.254
2457290.821306997910 20150621 14:28:41.4 79.297 65.065
2457290.821306997910 20150621 14:29:41.4 79.439 64.875
2457290.821306997910 20150621 14:30:41.4 79.582 64.686
2457290.821306997910 20150621 14:31:41.4 79.724 64.496
2457290.821306997910 20150621 14:32:41.4 79.867 64.306
2457290.821306997910 20150621 14:33:41.4 80.009 64.116
2457290.821306997910 20150621 14:34:41.4 80.152 63.927
2457290.821306997910 20150621 14:35:41.4 80.295 63.737
2457290.821306997910 20150621 14:36:41.4 80.437 63.546
2457290.821306997910 20150621 14:37:41.4 80.580 63.356
2457290.821306997910 20150621 14:38:41.4 80.723 63.166
2457290.821306997910 20150621 14:39:41.4 80.867 62.976
2457290.821306997910 20150621 14:40:41.4 81.010 62.785
2457290.821306997910 20150621 14:41:41.4 81.153 62.595
2457290.821306997910 20150621 14:42:41.4 81.297 62.404
2457290.821306997910 20150621 14:43:41.4 81.440 62.214
2457290.821306997910 20150621 14:44:41.4 81.584 62.023
2457290.821306997910 20150621 14:45:41.4 81.728 61.832
2457290.821306997910 20150621 14:46:41.4 81.872 61.641
2457290.821306997910 20150621 14:47:41.4 82.016 61.451
2457290.821306997910 20150621 14:48:41.4 82.161 61.260
2457290.821306997910 20150621 14:49:41.4 82.305 61.069
2457290.821306997910 20150621 14:50:41.4 82.450 60.877
2457290.821306997910 20150621 14:51:41.4 82.595 60.686
2457290.821306997910 20150621 14:52:41.4 82.740 60.495
2457290.821306997910 20150621 14:53:41.4 82.885 60.304
2457290.821306997910 20150621 14:54:41.4 83.030 60.112
2457290.821306997910 20150621 14:55:41.4 83.176 59.921
2457290.821306997910 20150621 14:56:41.4 83.321 59.729
2457290.821306997910 20150621 14:57:41.4 83.467 59.538
2457290.821306997910 20150621 14:58:41.4 83.613 59.346
2457290.821306997910 20150621 14:59:41.4 83.759 59.155
2457290.821306997910 20150621 15:00:41.4 83.906 58.963
2457290.821306997910 20150621 15:01:41.4 84.052 58.771
2457290.821306997910 20150621 15:02:41.4 84.199 58.579
2457290.821306997910 20150621 15:03:41.4 84.346 58.387
2457290.821306997910 20150621 15:04:41.4 84.494 58.195
2457290.821306997910 20150621 15:05:41.4 84.641 58.003
2457290.821306997910 20150621 15:06:41.4 84.789 57.811
2457290.821306997910 20150621 15:07:41.4 84.937 57.619
2457290.821306997910 20150621 15:08:41.4 85.085 57.427
2457290.821306997910 20150621 15:09:41.4 85.233 57.235
2457290.821306997910 20150621 15:10:41.4 85.382 57.043
2457290.821306997910 20150621 15:11:41.4 85.531 56.851
2457290.821306997910 20150621 15:12:41.4 85.680 56.658
2457290.821306997910 20150621 15:13:41.4 85.829 56.466
2457290.821306997910 20150621 15:14:41.4 85.979 56.274
2457290.821306997910 20150621 15:15:41.4 86.129 56.081
2457290.821306997910 20150621 15:16:41.4 86.279 55.889
2457290.821306997910 20150621 15:17:41.4 86.430 55.696
2457290.821306997910 20150621 15:18:41.4 86.580 55.504
2457290.821306997910 20150621 15:19:41.4 86.732 55.311
2457290.821306997910 20150621 15:20:41.4 86.883 55.119
2457290.821306997910 20150621 15:21:41.4 87.035 54.926
2457290.821306997910 20150621 15:22:41.4 87.187 54.733
2457290.821306997910 20150621 15:23:41.4 87.339 54.541
2457290.821306997910 20150621 15:24:41.4 87.491 54.348
2457290.821306997910 20150621 15:25:41.4 87.644 54.155
2457290.821306997910 20150621 15:26:41.4 87.798 53.963
2457290.821306997910 20150621 15:27:41.4 87.951 53.770
2457290.821306997910 20150621 15:28:41.4 88.105 53.577
2457290.821306997910 20150621 15:29:41.4 88.260 53.384
2457290.821306997910 20150621 15:30:41.4 88.414 53.191
2457290.821306997910 20150621 15:31:41.4 88.569 52.999
2457290.821306997910 20150621 15:32:41.4 88.725 52.806
2457290.821306997910 20150621 15:33:41.4 88.880 52.613
2457290.821306997910 20150621 15:34:41.4 89.037 52.420
2457290.821306997910 20150621 15:35:41.4 89.193 52.227
2457290.821306997910 20150621 15:36:41.4 89.350 52.034
2457290.821306997910 20150621 15:37:41.4 89.507 51.841
2457290.821306997910 20150621 15:38:41.4 89.665 51.649
2457290.821306997910 20150621 15:39:41.4 89.823 51.456
2457290.821306997910 20150621 15:40:41.4 89.982 51.263
2457290.821306997910 20150621 15:41:41.4 90.141 51.070
2457290.821306997910 20150621 15:42:41.4 90.300 50.877
2457290.821306997910 20150621 15:43:41.4 90.460 50.684
2457290.821306997910 20150621 15:44:41.4 90.621 50.491
2457290.821306997910 20150621 15:45:41.4 90.781 50.298
2457290.821306997910 20150621 15:46:41.4 90.943 50.105
2457290.821306997910 20150621 15:47:41.4 91.104 49.913
2457290.821306997910 20150621 15:48:41.4 91.267 49.720
2457290.821306997910 20150621 15:49:41.4 91.429 49.527
2457290.821306997910 20150621 15:50:41.4 91.592 49.334
2457290.821306997910 20150621 15:51:41.4 91.756 49.141
2457290.821306997910 20150621 15:52:41.4 91.920 48.948
2457290.821306997910 20150621 15:53:41.4 92.085 48.756
2457290.821306997910 20150621 15:54:41.4 92.250 48.563
2457290.821306997910 20150621 15:55:41.4 92.416 48.370
2457290.821306997910 20150621 15:56:41.4 92.583 48.177
2457290.821306997910 20150621 15:57:41.4 92.749 47.985
2457290.821306997910 20150621 15:58:41.4 92.917 47.792
2457290.821306997910 20150621 15:59:41.4 93.085 47.599
2457290.821306997910 20150621 16:00:41.4 93.254 47.407
2457290.821306997910 20150621 16:01:41.4 93.423 47.214
2457290.821306997910 20150621 16:02:41.4 93.593 47.022
2457290.821306997910 20150621 16:03:41.4 93.763 46.829
2457290.821306997910 20150621 16:04:41.4 93.934 46.637
2457290.821306997910 20150621 16:05:41.4 94.106 46.444
2457290.821306997910 20150621 16:06:41.4 94.278 46.252
2457290.821306997910 20150621 16:07:41.4 94.451 46.059
2457290.821306997910 20150621 16:08:41.4 94.624 45.867
2457290.821306997910 20150621 16:09:41.4 94.799 45.675
2457290.821306997910 20150621 16:10:41.4 94.974 45.483
2457290.821306997910 20150621 16:11:41.4 95.149 45.290
2457290.821306997910 20150621 16:12:41.4 95.326 45.098
2457290.821306997910 20150621 16:13:41.4 95.503 44.906
2457290.821306997910 20150621 16:14:41.4 95.680 44.714
2457290.821306997910 20150621 16:15:41.4 95.859 44.522
2457290.821306997910 20150621 16:16:41.4 96.038 44.330
2457290.821306997910 20150621 16:17:41.4 96.218 44.139
2457290.821306997910 20150621 16:18:41.4 96.399 43.947
2457290.821306997910 20150621 16:19:41.4 96.580 43.755
2457290.821306997910 20150621 16:20:41.4 96.763 43.564
2457290.821306997910 20150621 16:21:41.4 96.946 43.372
2457290.821306997910 20150621 16:22:41.4 97.130 43.181
2457290.821306997910 20150621 16:23:41.4 97.315 42.989
2457290.821306997910 20150621 16:24:41.4 97.500 42.798
2457290.821306997910 20150621 16:25:41.4 97.687 42.607
2457290.821306997910 20150621 16:26:41.4 97.874 42.415
2457290.821306997910 20150621 16:27:41.4 98.062 42.224
2457290.821306997910 20150621 16:28:41.4 98.251 42.033
2457290.821306997910 20150621 16:29:41.4 98.441 41.842
2457290.821306997910 20150621 16:30:41.4 98.632 41.652
2457290.821306997910 20150621 16:31:41.4 98.824 41.461
2457290.821306997910 20150621 16:32:41.4 99.017 41.270
2457290.821306997910 20150621 16:33:41.4 99.211 41.080
2457290.821306997910 20150621 16:34:41.4 99.406 40.890
2457290.821306997910 20150621 16:35:41.4 99.601 40.699
2457290.821306997910 20150621 16:36:41.4 99.798 40.509
2457290.821306997910 20150621 16:37:41.4 99.996 40.319
2457290.821306997910 20150621 16:38:41.4 100.195 40.129
2457290.821306997910 20150621 16:39:41.4 100.395 39.939
2457290.821306997910 20150621 16:40:41.4 100.595 39.750
2457290.821306997910 20150621 16:41:41.4 100.798 39.560
2457290.821306997910 20150621 16:42:41.4 101.001 39.370
2457290.821306997910 20150621 16:43:41.4 101.205 39.181
2457290.821306997910 20150621 16:44:41.4 101.410 38.992
2457290.821306997910 20150621 16:45:41.4 101.617 38.803
2457290.821306997910 20150621 16:46:41.4 101.825 38.614
2457290.821306997910 20150621 16:47:41.4 102.034 38.425
2457290.821306997910 20150621 16:48:41.4 102.244 38.237
2457290.821306997910 20150621 16:49:41.4 102.455 38.048
2457290.821306997910 20150621 16:50:41.4 102.668 37.860
2457290.821306997910 20150621 16:51:41.4 102.882 37.672
2457290.821306997910 20150621 16:52:41.4 103.097 37.484
2457290.821306997910 20150621 16:53:41.4 103.313 37.296
2457290.821306997910 20150621 16:54:41.4 103.531 37.108
2457290.821306997910 20150621 16:55:41.4 103.750 36.921
2457290.821306997910 20150621 16:56:41.4 103.971 36.733
2457290.821306997910 20150621 16:57:41.4 104.193 36.546
2457290.821306997910 20150621 16:58:41.4 104.416 36.359
2457290.821306997910 20150621 16:59:41.4 104.641 36.172
2457290.821306997910 20150621 17:00:41.4 104.867 35.986
2457290.821306997910 20150621 17:01:41.4 105.095 35.799
2457290.821306997910 20150621 17:02:41.4 105.324 35.613
2457290.821306997910 20150621 17:03:41.4 105.555 35.427
2457290.821306997910 20150621 17:04:41.4 105.788 35.242
2457290.821306997910 20150621 17:05:41.4 106.022 35.056
2457290.821306997910 20150621 17:06:41.4 106.257 34.871
2457290.821306997910 20150621 17:07:41.4 106.494 34.686
2457290.821306997910 20150621 17:08:41.4 106.733 34.501
2457290.821306997910 20150621 17:09:41.4 106.974 34.316
2457290.821306997910 20150621 17:10:41.4 107.216 34.132
2457290.821306997910 20150621 17:11:41.4 107.460 33.947
2457290.821306997910 20150621 17:12:41.4 107.706 33.763
2457290.821306997910 20150621 17:13:41.4 107.953 33.580
2457290.821306997910 20150621 17:14:41.4 108.202 33.396
2457290.821306997910 20150621 17:15:41.4 108.454 33.213
2457290.821306997910 20150621 17:16:41.4 108.707 33.030
2457290.821306997910 20150621 17:17:41.4 108.962 32.848
2457290.821306997910 20150621 17:18:41.4 109.219 32.665
2457290.821306997910 20150621 17:19:41.4 109.477 32.483
2457290.821306997910 20150621 17:20:41.4 109.738 32.302
2457290.821306997910 20150621 17:21:41.4 110.001 32.120
2457290.821306997910 20150621 17:22:41.4 110.266 31.939
2457290.821306997910 20150621 17:23:41.4 110.533 31.758
2457290.821306997910 20150621 17:24:41.4 110.803 31.578
2457290.821306997910 20150621 17:25:41.4 111.074 31.397
2457290.821306997910 20150621 17:26:41.4 111.348 31.217
2457290.821306997910 20150621 17:27:41.4 111.624 31.038
2457290.821306997910 20150621 17:28:41.4 111.902 30.859
2457290.821306997910 20150621 17:29:41.4 112.182 30.680
2457290.821306997910 20150621 17:30:41.4 112.465 30.501
2457290.821306997910 20150621 17:31:41.4 112.750 30.323
2457290.821306997910 20150621 17:32:41.4 113.038 30.145
2457290.821306997910 20150621 17:33:41.4 113.328 29.968
2457290.821306997910 20150621 17:34:41.4 113.621 29.791
2457290.821306997910 20150621 17:35:41.4 113.916 29.615
2457290.821306997910 20150621 17:36:41.4 114.214 29.438
2457290.821306997910 20150621 17:37:41.4 114.514 29.263
2457290.821306997910 20150621 17:38:41.4 114.817 29.087
2457290.821306997910 20150621 17:39:41.4 115.123 28.912
2457290.821306997910 20150621 17:40:41.4 115.431 28.738
2457290.821306997910 20150621 17:41:41.4 115.743 28.564
2457290.821306997910 20150621 17:42:41.4 116.057 28.390
2457290.821306997910 20150621 17:43:41.4 116.374 28.217
2457290.821306997910 20150621 17:44:41.4 116.694 28.045
2457290.821306997910 20150621 17:45:41.4 117.017 27.872
2457290.821306997910 20150621 17:46:41.4 117.343 27.701
2457290.821306997910 20150621 17:47:41.4 117.672 27.530
2457290.821306997910 20150621 17:48:41.4 118.005 27.359
2457290.821306997910 20150621 17:49:41.4 118.340 27.189
2457290.821306997910 20150621 17:50:41.4 118.679 27.019
2457290.821306997910 20150621 17:51:41.4 119.021 26.850
2457290.821306997910 20150621 17:52:41.4 119.367 26.682
2457290.821306997910 20150621 17:53:41.4 119.716 26.514
2457290.821306997910 20150621 17:54:41.4 120.068 26.347
2457290.821306997910 20150621 17:55:41.4 120.424 26.180
2457290.821306997910 20150621 17:56:41.4 120.783 26.014
2457290.821306997910 20150621 17:57:41.4 121.146 25.848
2457290.821306997910 20150621 17:58:41.4 121.513 25.684
2457290.821306997910 20150621 17:59:41.4 121.883 25.519
2457290.821306997910 20150621 18:00:41.4 122.257 25.356
2457290.821306997910 20150621 18:01:41.4 122.636 25.193
2457290.821306997910 20150621 18:02:41.4 123.018 25.031
2457290.821306997910 20150621 18:03:41.4 123.404 24.870
2457290.821306997910 20150621 18:04:41.4 123.794 24.709
2457290.821306997910 20150621 18:05:41.4 124.188 24.549
2457290.821306997910 20150621 18:06:41.4 124.586 24.390
2457290.821306997910 20150621 18:07:41.4 124.989 24.231
2457290.821306997910 20150621 18:08:41.4 125.395 24.073
2457290.821306997910 20150621 18:09:41.4 125.807 23.917
2457290.821306997910 20150621 18:10:41.4 126.222 23.760
2457290.821306997910 20150621 18:11:41.4 126.642 23.605
2457290.821306997910 20150621 18:12:41.4 127.067 23.451
2457290.821306997910 20150621 18:13:41.4 127.496 23.297
2457290.821306997910 20150621 18:14:41.4 127.930 23.145
2457290.821306997910 20150621 18:15:41.4 128.369 22.993
2457290.821306997910 20150621 18:16:41.4 128.812 22.842
2457290.821306997910 20150621 18:17:41.4 129.261 22.692
2457290.821306997910 20150621 18:18:41.4 129.714 22.543
2457290.821306997910 20150621 18:19:41.4 130.173 22.395
2457290.821306997910 20150621 18:20:41.4 130.636 22.248
2457290.821306997910 20150621 18:21:41.4 131.105 22.102
2457290.821306997910 20150621 18:22:41.4 131.579 21.958
2457290.821306997910 20150621 18:23:41.4 132.058 21.814
2457290.821306997910 20150621 18:24:41.4 132.542 21.671
2457290.821306997910 20150621 18:25:41.4 133.032 21.529
2457290.821306997910 20150621 18:26:41.4 133.527 21.389
2457290.821306997910 20150621 18:27:41.4 134.028 21.250
2457290.821306997910 20150621 18:28:41.4 134.535 21.112
2457290.821306997910 20150621 18:29:41.4 135.047 20.975
2457290.821306997910 20150621 18:30:41.4 135.565 20.839
2457290.821306997910 20150621 18:31:41.4 136.089 20.704
2457290.821306997910 20150621 18:32:41.4 136.618 20.571
2457290.821306997910 20150621 18:33:41.4 137.154 20.439
2457290.821306997910 20150621 18:34:41.4 137.695 20.309
2457290.821306997910 20150621 18:35:41.4 138.243 20.180
2457290.821306997910 20150621 18:36:41.4 138.796 20.052
2457290.821306997910 20150621 18:37:41.4 139.356 19.925
2457290.821306997910 20150621 18:38:41.4 139.922 19.800
2457290.821306997910 20150621 18:39:41.4 140.494 19.677
2457290.821306997910 20150621 18:40:41.4 141.072 19.555
2457290.821306997910 20150621 18:41:41.4 141.657 19.434
2457290.821306997910 20150621 18:42:41.4 142.248 19.316
2457290.821306997910 20150621 18:43:41.4 142.845 19.198
2457290.821306997910 20150621 18:44:41.4 143.449 19.082
2457290.821306997910 20150621 18:45:41.4 144.059 18.968
2457290.821306997910 20150621 18:46:41.4 144.676 18.856
2457290.821306997910 20150621 18:47:41.4 145.299 18.745
2457290.821306997910 20150621 18:48:41.4 145.928 18.636
2457290.821306997910 20150621 18:49:41.4 146.564 18.529
2457290.821306997910 20150621 18:50:41.4 147.207 18.424
2457290.821306997910 20150621 18:51:41.4 147.856 18.320
2457290.821306997910 20150621 18:52:41.4 148.511 18.218
2457290.821306997910 20150621 18:53:41.4 149.173 18.118
2457290.821306997910 20150621 18:54:41.4 149.842 18.021
2457290.821306997910 20150621 18:55:41.4 150.517 17.925
2457290.821306997910 20150621 18:56:41.4 151.198 17.831
2457290.821306997910 20150621 18:57:41.4 151.886 17.739
2457290.821306997910 20150621 18:58:41.4 152.580 17.649
2457290.821306997910 20150621 18:59:41.4 153.280 17.561
2457290.821306997910 20150621 19:00:41.4 153.987 17.475
2457290.821306997910 20150621 19:01:41.4 154.700 17.392
2457290.821306997910 20150621 19:02:41.4 155.418 17.310
2457290.821306997910 20150621 19:03:41.4 156.143 17.231
2457290.821306997910 20150621 19:04:41.4 156.874 17.154
2457290.821306997910 20150621 19:05:41.4 157.611 17.080
2457290.821306997910 20150621 19:06:41.4 158.353 17.007
2457290.821306997910 20150621 19:07:41.4 159.101 16.937
2457290.821306997910 20150621 19:08:41.4 159.855 16.870
2457290.821306997910 20150621 19:09:41.4 160.614 16.804
2457290.821306997910 20150621 19:10:41.4 161.378 16.742
2457290.821306997910 20150621 19:11:41.4 162.147 16.681
2457290.821306997910 20150621 19:12:41.4 162.921 16.623
2457290.821306997910 20150621 19:13:41.4 163.700 16.568
2457290.821306997910 20150621 19:14:41.4 164.484 16.515
2457290.821306997910 20150621 19:15:41.4 165.272 16.465
2457290.821306997910 20150621 19:16:41.4 166.064 16.417
2457290.821306997910 20150621 19:17:41.4 166.861 16.372
2457290.821306997910 20150621 19:18:41.4 167.661 16.329
2457290.821306997910 20150621 19:19:41.4 168.465 16.289
2457290.821306997910 20150621 19:20:41.4 169.273 16.252
2457290.821306997910 20150621 19:21:41.4 170.084 16.217
2457290.821306997910 20150621 19:22:41.4 170.898 16.185
2457290.821306997910 20150621 19:23:41.4 171.714 16.156
2457290.821306997910 20150621 19:24:41.4 172.534 16.130
2457290.821306997910 20150621 19:25:41.4 173.355 16.106
2457290.821306997910 20150621 19:26:41.4 174.179 16.085
2457290.821306997910 20150621 19:27:41.4 175.004 16.067
2457290.821306997910 20150621 19:28:41.4 175.831 16.052
2457290.821306997910 20150621 19:29:41.4 176.660 16.039
2457290.821306997910 20150621 19:30:41.4 177.489 16.029
2457290.821306997910 20150621 19:31:41.4 178.319 16.022
2457290.821306997910 20150621 19:32:41.4 179.150 16.018
2457290.821306997910 20150621 19:33:41.4 179.981 16.016
2457290.821306997910 20150621 19:34:41.4 180.812 16.018
2457290.821306997910 20150621 19:35:41.4 181.643 16.022
2457290.821306997910 20150621 19:36:41.4 182.473 16.029
2457290.821306997910 20150621 19:37:41.4 183.302 16.038
2457290.821306997910 20150621 19:38:41.4 184.131 16.051
2457290.821306997910 20150621 19:39:41.4 184.958 16.066
2457290.821306997910 20150621 19:40:41.4 185.783 16.084
2457290.821306997910 20150621 19:41:41.4 186.607 16.105
2457290.821306997910 20150621 19:42:41.4 187.429 16.129
2457290.821306997910 20150621 19:43:41.4 188.248 16.155
2457290.821306997910 20150621 19:44:41.4 189.065 16.184
2457290.821306997910 20150621 19:45:41.4 189.879 16.216
2457290.821306997910 20150621 19:46:41.4 190.690 16.250
2457290.821306997910 20150621 19:47:41.4 191.498 16.287
2457290.821306997910 20150621 19:48:41.4 192.302 16.327
2457290.821306997910 20150621 19:49:41.4 193.102 16.370
2457290.821306997910 20150621 19:50:41.4 193.899 16.415
2457290.821306997910 20150621 19:51:41.4 194.692 16.462
2457290.821306997910 20150621 19:52:41.4 195.480 16.513
2457290.821306997910 20150621 19:53:41.4 196.264 16.565
2457290.821306997910 20150621 19:54:41.4 197.043 16.621
2457290.821306997910 20150621 19:55:41.4 197.818 16.678
2457290.821306997910 20150621 19:56:41.4 198.587 16.739
2457290.821306997910 20150621 19:57:41.4 199.352 16.801
2457290.821306997910 20150621 19:58:41.4 200.111 16.867
2457290.821306997910 20150621 19:59:41.4 200.864 16.934
2457290.821306997910 20150621 20:00:41.4 201.613 17.004
2457290.821306997910 20150621 20:01:41.4 202.355 17.076
2457290.821306997910 20150621 20:02:41.4 203.092 17.151
2457290.821306997910 20150621 20:03:41.4 203.823 17.228
2457290.821306997910 20150621 20:04:41.4 204.548 17.307
2457290.821306997910 20150621 20:05:41.4 205.268 17.388
2457290.821306997910 20150621 20:06:41.4 205.981 17.471
2457290.821306997910 20150621 20:07:41.4 206.687 17.557
2457290.821306997910 20150621 20:08:41.4 207.388 17.645
2457290.821306997910 20150621 20:09:41.4 208.082 17.735
2457290.821306997910 20150621 20:10:41.4 208.770 17.826
2457290.821306997910 20150621 20:11:41.4 209.452 17.920
2457290.821306997910 20150621 20:12:41.4 210.127 18.016
2457290.821306997910 20150621 20:13:41.4 210.796 18.114
2457290.821306997910 20150621 20:14:41.4 211.458 18.214
2457290.821306997910 20150621 20:15:41.4 212.114 18.315
2457290.821306997910 20150621 20:16:41.4 212.764 18.419
2457290.821306997910 20150621 20:17:41.4 213.406 18.524
2457290.821306997910 20150621 20:18:41.4 214.043 18.631
2457290.821306997910 20150621 20:19:41.4 214.673 18.740
2457290.821306997910 20150621 20:20:41.4 215.296 18.851
2457290.821306997910 20150621 20:21:41.4 215.913 18.963
2457290.821306997910 20150621 20:22:41.4 216.523 19.077
2457290.821306997910 20150621 20:23:41.4 217.127 19.193
2457290.821306997910 20150621 20:24:41.4 217.725 19.310
2457290.821306997910 20150621 20:25:41.4 218.316 19.429
2457290.821306997910 20150621 20:26:41.4 218.901 19.549
2457290.821306997910 20150621 20:27:41.4 219.480 19.671
2457290.821306997910 20150621 20:28:41.4 220.052 19.795
2457290.821306997910 20150621 20:29:41.4 220.618 19.920
2457290.821306997910 20150621 20:30:41.4 221.178 20.046
2457290.821306997910 20150621 20:31:41.4 221.732 20.174
2457290.821306997910 20150621 20:32:41.4 222.280 20.303
2457290.821306997910 20150621 20:33:41.4 222.821 20.433
2457290.821306997910 20150621 20:34:41.4 223.357 20.565
2457290.821306997910 20150621 20:35:41.4 223.887 20.698
2457290.821306997910 20150621 20:36:41.4 224.411 20.833
2457290.821306997910 20150621 20:37:41.4 224.929 20.968
2457290.821306997910 20150621 20:38:41.4 225.442 21.105
2457290.821306997910 20150621 20:39:41.4 225.948 21.243
2457290.821306997910 20150621 20:40:41.4 226.450 21.383
2457290.821306997910 20150621 20:41:41.4 226.945 21.523
2457290.821306997910 20150621 20:42:41.4 227.435 21.665
2457290.821306997910 20150621 20:43:41.4 227.920 21.807
2457290.821306997910 20150621 20:44:41.4 228.399 21.951
2457290.821306997910 20150621 20:45:41.4 228.874 22.096
2457290.821306997910 20150621 20:46:41.4 229.342 22.242
2457290.821306997910 20150621 20:47:41.4 229.806 22.389
2457290.821306997910 20150621 20:48:41.4 230.265 22.537
2457290.821306997910 20150621 20:49:41.4 230.718 22.685
2457290.821306997910 20150621 20:50:41.4 231.167 22.835
2457290.821306997910 20150621 20:51:41.4 231.611 22.986
2457290.821306997910 20150621 20:52:41.4 232.050 23.138
2457290.821306997910 20150621 20:53:41.4 232.484 23.290
2457290.821306997910 20150621 20:54:41.4 232.913 23.444
2457290.821306997910 20150621 20:55:41.4 233.338 23.598
2457290.821306997910 20150621 20:56:41.4 233.759 23.753
2457290.821306997910 20150621 20:57:41.4 234.174 23.909
2457290.821306997910 20150621 20:58:41.4 234.586 24.066
2457290.821306997910 20150621 20:59:41.4 234.993 24.224
2457290.821306997910 20150621 21:00:41.4 235.396 24.382
2457290.821306997910 20150621 21:01:41.4 235.794 24.542
2457290.821306997910 20150621 21:02:41.4 236.188 24.702
2457290.821306997910 20150621 21:03:41.4 236.579 24.862
2457290.821306997910 20150621 21:04:41.4 236.965 25.024
2457290.821306997910 20150621 21:05:41.4 237.347 25.186
2457290.821306997910 20150621 21:06:41.4 237.725 25.349
2457290.821306997910 20150621 21:07:41.4 238.100 25.512
2457290.821306997910 20150621 21:08:41.4 238.470 25.676
2457290.821306997910 20150621 21:09:41.4 238.837 25.841
2457290.821306997910 20150621 21:10:41.4 239.200 26.006
2457290.821306997910 20150621 21:11:41.4 239.560 26.172
2457290.821306997910 20150621 21:12:41.4 239.916 26.339
2457290.821306997910 20150621 21:13:41.4 240.268 26.506
2457290.821306997910 20150621 21:14:41.4 240.617 26.674
2457290.821306997910 20150621 21:15:41.4 240.963 26.843
2457290.821306997910 20150621 21:16:41.4 241.305 27.012
2457290.821306997910 20150621 21:17:41.4 241.644 27.181
2457290.821306997910 20150621 21:18:41.4 241.980 27.351
2457290.821306997910 20150621 21:19:41.4 242.312 27.522
2457290.821306997910 20150621 21:20:41.4 242.642 27.693
2457290.821306997910 20150621 21:21:41.4 242.968 27.865
2457290.821306997910 20150621 21:22:41.4 243.291 28.037
2457290.821306997910 20150621 21:23:41.4 243.611 28.209
2457290.821306997910 20150621 21:24:41.4 243.929 28.382
2457290.821306997910 20150621 21:25:41.4 244.243 28.556
2457290.821306997910 20150621 21:26:41.4 244.554 28.730
2457290.821306997910 20150621 21:27:41.4 244.863 28.904
2457290.821306997910 20150621 21:28:41.4 245.169 29.079
2457290.821306997910 20150621 21:29:41.4 245.472 29.255
2457290.821306997910 20150621 21:30:41.4 245.773 29.430
2457290.821306997910 20150621 21:31:41.4 246.071 29.607
2457290.821306997910 20150621 21:32:41.4 246.366 29.783
2457290.821306997910 20150621 21:33:41.4 246.659 29.960
2457290.821306997910 20150621 21:34:41.4 246.949 30.137
2457290.821306997910 20150621 21:35:41.4 247.237 30.315
2457290.821306997910 20150621 21:36:41.4 247.522 30.493
2457290.821306997910 20150621 21:37:41.4 247.805 30.672
2457290.821306997910 20150621 21:38:41.4 248.085 30.851
2457290.821306997910 20150621 21:39:41.4 248.364 31.030
2457290.821306997910 20150621 21:40:41.4 248.640 31.209
2457290.821306997910 20150621 21:41:41.4 248.913 31.389
2457290.821306997910 20150621 21:42:41.4 249.185 31.569
2457290.821306997910 20150621 21:43:41.4 249.454 31.750
2457290.821306997910 20150621 21:44:41.4 249.721 31.931
2457290.821306997910 20150621 21:45:41.4 249.986 32.112
2457290.821306997910 20150621 21:46:41.4 250.249 32.293
2457290.821306997910 20150621 21:47:41.4 250.510 32.475
2457290.821306997910 20150621 21:48:41.4 250.769 32.657
2457290.821306997910 20150621 21:49:41.4 251.026 32.839
2457290.821306997910 20150621 21:50:41.4 251.282 33.022
2457290.821306997910 20150621 21:51:41.4 251.535 33.205
2457290.821306997910 20150621 21:52:41.4 251.786 33.388
2457290.821306997910 20150621 21:53:41.4 252.035 33.571
2457290.821306997910 20150621 21:54:41.4 252.283 33.755
2457290.821306997910 20150621 21:55:41.4 252.529 33.939
2457290.821306997910 20150621 21:56:41.4 252.773 34.123
2457290.821306997910 20150621 21:57:41.4 253.015 34.308
2457290.821306997910 20150621 21:58:41.4 253.256 34.492
2457290.821306997910 20150621 21:59:41.4 253.495 34.677
2457290.821306997910 20150621 22:00:41.4 253.732 34.862
2457290.821306997910 20150621 22:01:41.4 253.968 35.048
2457290.821306997910 20150621 22:02:41.4 254.202 35.233
2457290.821306997910 20150621 22:03:41.4 254.434 35.419
2457290.821306997910 20150621 22:04:41.4 254.665 35.605
2457290.821306997910 20150621 22:05:41.4 254.894 35.791
2457290.821306997910 20150621 22:06:41.4 255.122 35.977
2457290.821306997910 20150621 22:07:41.4 255.348 36.164
2457290.821306997910 20150621 22:08:41.4 255.573 36.351
2457290.821306997910 20150621 22:09:41.4 255.797 36.538
2457290.821306997910 20150621 22:10:41.4 256.019 36.725
2457290.821306997910 20150621 22:11:41.4 256.239 36.912
2457290.821306997910 20150621 22:12:41.4 256.459 37.100
2457290.821306997910 20150621 22:13:41.4 256.676 37.287
2457290.821306997910 20150621 22:14:41.4 256.893 37.475
2457290.821306997910 20150621 22:15:41.4 257.108 37.663
2457290.821306997910 20150621 22:16:41.4 257.322 37.851
2457290.821306997910 20150621 22:17:41.4 257.535 38.040
2457290.821306997910 20150621 22:18:41.4 257.746 38.228
2457290.821306997910 20150621 22:19:41.4 257.957 38.417
2457290.821306997910 20150621 22:20:41.4 258.166 38.605
2457290.821306997910 20150621 22:21:41.4 258.373 38.794
2457290.821306997910 20150621 22:22:41.4 258.580 38.983
2457290.821306997910 20150621 22:23:41.4 258.786 39.173
2457290.821306997910 20150621 22:24:41.4 258.990 39.362
2457290.821306997910 20150621 22:25:41.4 259.193 39.551
2457290.821306997910 20150621 22:26:41.4 259.395 39.741
2457290.821306997910 20150621 22:27:41.4 259.596 39.931
2457290.821306997910 20150621 22:28:41.4 259.796 40.120
2457290.821306997910 20150621 22:29:41.4 259.995 40.310
2457290.821306997910 20150621 22:30:41.4 260.193 40.500
2457290.821306997910 20150621 22:31:41.4 260.390 40.691
2457290.821306997910 20150621 22:32:41.4 260.585 40.881
2457290.821306997910 20150621 22:33:41.4 260.780 41.071
2457290.821306997910 20150621 22:34:41.4 260.974 41.262
2457290.821306997910 20150621 22:35:41.4 261.167 41.452
2457290.821306997910 20150621 22:36:41.4 261.359 41.643
2457290.821306997910 20150621 22:37:41.4 261.550 41.834
2457290.821306997910 20150621 22:38:41.4 261.740 42.025
2457290.821306997910 20150621 22:39:41.4 261.929 42.216
2457290.821306997910 20150621 22:40:41.4 262.117 42.407
2457290.821306997910 20150621 22:41:41.4 262.305 42.598
2457290.821306997910 20150621 22:42:41.4 262.491 42.789
2457290.821306997910 20150621 22:43:41.4 262.677 42.980
2457290.821306997910 20150621 22:44:41.4 262.862 43.172
2457290.821306997910 20150621 22:45:41.4 263.046 43.363
2457290.821306997910 20150621 22:46:41.4 263.229 43.555
2457290.821306997910 20150621 22:47:41.4 263.411 43.746
2457290.821306997910 20150621 22:48:41.4 263.593 43.938
2457290.821306997910 20150621 22:49:41.4 263.773 44.130
2457290.821306997910 20150621 22:50:41.4 263.953 44.322
2457290.821306997910 20150621 22:51:41.4 264.133 44.514
2457290.821306997910 20150621 22:52:41.4 264.311 44.706
2457290.821306997910 20150621 22:53:41.4 264.489 44.898
2457290.821306997910 20150621 22:54:41.4 264.666 45.090
2457290.821306997910 20150621 22:55:41.4 264.843 45.282
2457290.821306997910 20150621 22:56:41.4 265.018 45.474
2457290.821306997910 20150621 22:57:41.4 265.193 45.666
2457290.821306997910 20150621 22:58:41.4 265.367 45.858
2457290.821306997910 20150621 22:59:41.4 265.541 46.051
2457290.821306997910 20150621 23:00:41.4 265.714 46.243
2457290.821306997910 20150621 23:01:41.4 265.886 46.435
2457290.821306997910 20150621 23:02:41.4 266.058 46.628
2457290.821306997910 20150621 23:03:41.4 266.229 46.820
2457290.821306997910 20150621 23:04:41.4 266.400 47.013
2457290.821306997910 20150621 23:05:41.4 266.569 47.205
2457290.821306997910 20150621 23:06:41.4 266.739 47.398
2457290.821306997910 20150621 23:07:41.4 266.907 47.591
2457290.821306997910 20150621 23:08:41.4 267.075 47.783
2457290.821306997910 20150621 23:09:41.4 267.243 47.976
2457290.821306997910 20150621 23:10:41.4 267.410 48.169
2457290.821306997910 20150621 23:11:41.4 267.576 48.361
2457290.821306997910 20150621 23:12:41.4 267.742 48.554
2457290.821306997910 20150621 23:13:41.4 267.907 48.747
2457290.821306997910 20150621 23:14:41.4 268.072 48.940
2457290.821306997910 20150621 23:15:41.4 268.236 49.132
2457290.821306997910 20150621 23:16:41.4 268.400 49.325
2457290.821306997910 20150621 23:17:41.4 268.563 49.518
2457290.821306997910 20150621 23:18:41.4 268.726 49.711
2457290.821306997910 20150621 23:19:41.4 268.888 49.904
2457290.821306997910 20150621 23:20:41.4 269.050 50.097
2457290.821306997910 20150621 23:21:41.4 269.211 50.290
2457290.821306997910 20150621 23:22:41.4 269.372 50.483
2457290.821306997910 20150621 23:23:41.4 269.532 50.675
2457290.821306997910 20150621 23:24:41.4 269.692 50.868
2457290.821306997910 20150621 23:25:41.4 269.852 51.061
2457290.821306997910 20150621 23:26:41.4 270.011 51.254
2457290.821306997910 20150621 23:27:41.4 270.169 51.447
2457290.821306997910 20150621 23:28:41.4 270.327 51.640
2457290.821306997910 20150621 23:29:41.4 270.485 51.833
2457290.821306997910 20150621 23:30:41.4 270.643 52.026
2457290.821306997910 20150621 23:31:41.4 270.800 52.219
2457290.821306997910 20150621 23:32:41.4 270.956 52.411
2457290.821306997910 20150621 23:33:41.4 271.112 52.604
2457290.821306997910 20150621 23:34:41.4 271.268 52.797
2457290.821306997910 20150621 23:35:41.4 271.423 52.990
2457290.821306997910 20150621 23:36:41.4 271.578 53.183
2457290.821306997910 20150621 23:37:41.4 271.733 53.376
2457290.821306997910 20150621 23:38:41.4 271.887 53.568
2457290.821306997910 20150621 23:39:41.4 272.041 53.761
2457290.821306997910 20150621 23:40:41.4 272.195 53.954
2457290.821306997910 20150621 23:41:41.4 272.348 54.147
2457290.821306997910 20150621 23:42:41.4 272.501 54.339
2457290.821306997910 20150621 23:43:41.4 272.654 54.532
2457290.821306997910 20150621 23:44:41.4 272.806 54.725
2457290.821306997910 20150621 23:45:41.4 272.958 54.917
2457290.821306997910 20150621 23:46:41.4 273.110 55.110
2457290.821306997910 20150621 23:47:41.4 273.261 55.302
2457290.821306997910 20150621 23:48:41.4 273.412 55.495
2457290.821306997910 20150621 23:49:41.4 273.563 55.688
2457290.821306997910 20150621 23:50:41.4 273.714 55.880
2457290.821306997910 20150621 23:51:41.4 273.864 56.072
2457290.821306997910 20150621 23:52:41.4 274.014 56.265
2457290.821306997910 20150621 23:53:41.4 274.164 56.457
2457290.821306997910 20150621 23:54:41.4 274.313 56.650
2457290.821306997910 20150621 23:55:41.4 274.462 56.842
2457290.821306997910 20150621 23:56:41.4 274.611 57.034
2457290.821306997910 20150621 23:57:41.4 274.760 57.226
2457290.821306997910 20150621 23:58:41.4 274.908 57.419
2457290.821306997910 20150621 23:59:41.4 275.056 57.611
2457290.821306997910 20150622 00:00:41.4 275.204 57.803
2457290.821306997910 20150622 00:01:41.4 275.352 57.995
2457290.821306997910 20150622 00:02:41.4 275.500 58.187
2457290.821306997910 20150622 00:03:41.4 275.647 58.379
2457290.821306997910 20150622 00:04:41.4 275.794 58.571
2457290.821306997910 20150622 00:05:41.4 275.941 58.762
2457290.821306997910 20150622 00:06:41.4 276.087 58.954
2457290.821306997910 20150622 00:07:41.4 276.234 59.146
2457290.821306997910 20150622 00:08:41.4 276.380 59.338
2457290.821306997910 20150622 00:09:41.4 276.526 59.529
2457290.821306997910 20150622 00:10:41.4 276.672 59.721
2457290.821306997910 20150622 00:11:41.4 276.818 59.912
2457290.821306997910 20150622 00:12:41.4 276.963 60.104
2457290.821306997910 20150622 00:13:41.4 277.108 60.295
2457290.821306997910 20150622 00:14:41.4 277.254 60.486
2457290.821306997910 20150622 00:15:41.4 277.398 60.678
2457290.821306997910 20150622 00:16:41.4 277.543 60.869
2457290.821306997910 20150622 00:17:41.4 277.688 61.060
2457290.821306997910 20150622 00:18:41.4 277.832 61.251
2457290.821306997910 20150622 00:19:41.4 277.977 61.442
2457290.821306997910 20150622 00:20:41.4 278.121 61.633
2457290.821306997910 20150622 00:21:41.4 278.265 61.824
2457290.821306997910 20150622 00:22:41.4 278.409 62.015
2457290.821306997910 20150622 00:23:41.4 278.553 62.205
2457290.821306997910 20150622 00:24:41.4 278.696 62.396
2457290.821306997910 20150622 00:25:41.4 278.840 62.586
2457290.821306997910 20150622 00:26:41.4 278.983 62.777
2457290.821306997910 20150622 00:27:41.4 279.127 62.967
2457290.821306997910 20150622 00:28:41.4 279.270 63.158
2457290.821306997910 20150622 00:29:41.4 279.413 63.348
2457290.821306997910 20150622 00:30:41.4 279.556 63.538
2457290.821306997910 20150622 00:31:41.4 279.699 63.728
2457290.821306997910 20150622 00:32:41.4 279.841 63.918
2457290.821306997910 20150622 00:33:41.4 279.984 64.108
2457290.821306997910 20150622 00:34:41.4 280.127 64.298
2457290.821306997910 20150622 00:35:41.4 280.269 64.487
2457290.821306997910 20150622 00:36:41.4 280.412 64.677
2457290.821306997910 20150622 00:37:41.4 280.554 64.867
2457290.821306997910 20150622 00:38:41.4 280.696 65.056
2457290.821306997910 20150622 00:39:41.4 280.838 65.246
2457290.821306997910 20150622 00:40:41.4 280.980 65.435
2457290.821306997910 20150622 00:41:41.4 281.122 65.624
2457290.821306997910 20150622 00:42:41.4 281.264 65.813
2457290.821306997910 20150622 00:43:41.4 281.406 66.002
2457290.821306997910 20150622 00:44:41.4 281.548 66.191
2457290.821306997910 20150622 00:45:41.4 281.690 66.380
2457290.821306997910 20150622 00:46:41.4 281.832 66.568
2457290.821306997910 20150622 00:47:41.4 281.973 66.757
2457290.821306997910 20150622 00:48:41.4 282.115 66.945
2457290.821306997910 20150622 00:49:41.4 282.257 67.134
2457290.821306997910 20150622 00:50:41.4 282.398 67.322
2457290.821306997910 20150622 00:51:41.4 282.540 67.510
2457290.821306997910 20150622 00:52:41.4 282.681 67.698
2457290.821306997910 20150622 00:53:41.4 282.823 67.886
2457290.821306997910 20150622 00:54:41.4 282.964 68.074
2457290.821306997910 20150622 00:55:41.4 283.106 68.262
2457290.821306997910 20150622 00:56:41.4 283.247 68.449
2457290.821306997910 20150622 00:57:41.4 283.388 68.637
2457290.821306997910 20150622 00:58:41.4 283.530 68.824
2457290.821306997910 20150622 00:59:41.4 283.671 69.012
2457290.821306997910 20150622 01:00:41.4 283.812 69.199
2457290.821306997910 20150622 01:01:41.4 283.954 69.386
2457290.821306997910 20150622 01:02:41.4 284.095 69.573
2457290.821306997910 20150622 01:03:41.4 284.237 69.760
2457290.821306997910 20150622 01:04:41.4 284.378 69.946
2457290.821306997910 20150622 01:05:41.4 284.519 70.133
2457290.821306997910 20150622 01:06:41.4 284.661 70.319
2457290.821306997910 20150622 01:07:41.4 284.802 70.505
2457290.821306997910 20150622 01:08:41.4 284.944 70.692
2457290.821306997910 20150622 01:09:41.4 285.085 70.878
2457290.821306997910 20150622 01:10:41.4 285.226 71.064
2457290.821306997910 20150622 01:11:41.4 285.368 71.249
2457290.821306997910 20150622 01:12:41.4 285.509 71.435
2457290.821306997910 20150622 01:13:41.4 285.651 71.620
2457290.821306997910 20150622 01:14:41.4 285.793 71.806
2457290.821306997910 20150622 01:15:41.4 285.934 71.991
2457290.821306997910 20150622 01:16:41.4 286.076 72.176
2457290.821306997910 20150622 01:17:41.4 286.218 72.361
2457290.821306997910 20150622 01:18:41.4 286.359 72.546
2457290.821306997910 20150622 01:19:41.4 286.501 72.731
2457290.821306997910 20150622 01:20:41.4 286.643 72.915
2457290.821306997910 20150622 01:21:41.4 286.785 73.100
2457290.821306997910 20150622 01:22:41.4 286.927 73.284
2457290.821306997910 20150622 01:23:41.4 287.069 73.468
2457290.821306997910 20150622 01:24:41.4 287.211 73.652
2457290.821306997910 20150622 01:25:41.4 287.353 73.836
2457290.821306997910 20150622 01:26:41.4 287.496 74.019
2457290.821306997910 20150622 01:27:41.4 287.638 74.203
2457290.821306997910 20150622 01:28:41.4 287.780 74.386
2457290.821306997910 20150622 01:29:41.4 287.923 74.569
2457290.821306997910 20150622 01:30:41.4 288.065 74.752
2457290.821306997910 20150622 01:31:41.4 288.208 74.935
2457290.821306997910 20150622 01:32:41.4 288.351 75.118
2457290.821306997910 20150622 01:33:41.4 288.493 75.300
2457290.821306997910 20150622 01:34:41.4 288.636 75.482
2457290.821306997910 20150622 01:35:41.4 288.779 75.665
2457290.821306997910 20150622 01:36:41.4 288.922 75.847
2457290.821306997910 20150622 01:37:41.4 289.065 76.028
2457290.821306997910 20150622 01:38:41.4 289.209 76.210
2457290.821306997910 20150622 01:39:41.4 289.352 76.392
2457290.821306997910 20150622 01:40:41.4 289.495 76.573
2457290.821306997910 20150622 01:41:41.4 289.639 76.754
2457290.821306997910 20150622 01:42:41.4 289.783 76.935
2457290.821306997910 20150622 01:43:41.4 289.927 77.116
2457290.821306997910 20150622 01:44:41.4 290.070 77.296
2457290.821306997910 20150622 01:45:41.4 290.215 77.477
2457290.821306997910 20150622 01:46:41.4 290.359 77.657
2457290.821306997910 20150622 01:47:41.4 290.503 77.837
2457290.821306997910 20150622 01:48:41.4 290.647 78.017
2457290.821306997910 20150622 01:49:41.4 290.792 78.196
2457290.821306997910 20150622 01:50:41.4 290.937 78.376
2457290.821306997910 20150622 01:51:41.4 291.081 78.555
2457290.821306997910 20150622 01:52:41.4 291.226 78.734
2457290.821306997910 20150622 01:53:41.4 291.371 78.913
2457290.821306997910 20150622 01:54:41.4 291.517 79.092
2457290.821306997910 20150622 01:55:41.4 291.662 79.270
2457290.821306997910 20150622 01:56:41.4 291.807 79.448
2457290.821306997910 20150622 01:57:41.4 291.953 79.626
2457290.821306997910 20150622 01:58:41.4 292.099 79.804
2457290.821306997910 20150622 01:59:41.4 292.245 79.982
2457290.821306997910 20150622 02:00:41.4 292.391 80.159
2457290.821306997910 20150622 02:01:41.4 292.537 80.336
2457290.821306997910 20150622 02:02:41.4 292.684 80.513
2457290.821306997910 20150622 02:03:41.4 292.830 80.689
2457290.821306997910 20150622 02:04:41.4 292.977 80.866
2457290.821306997910 20150622 02:05:41.4 293.124 81.042
2457290.821306997910 20150622 02:06:41.4 293.271 81.218
2457290.821306997910 20150622 02:07:41.4 293.418 81.394
2457290.821306997910 20150622 02:08:41.4 293.566 81.569
2457290.821306997910 20150622 02:09:41.4 293.713 81.744
2457290.821306997910 20150622 02:10:41.4 293.861 81.919
2457290.821306997910 20150622 02:11:41.4 294.009 82.094
2457290.821306997910 20150622 02:12:41.4 294.157 82.268
2457290.821306997910 20150622 02:13:41.4 294.305 82.442
2457290.821306997910 20150622 02:14:41.4 294.454 82.616
2457290.821306997910 20150622 02:15:41.4 294.603 82.790
2457290.821306997910 20150622 02:16:41.4 294.752 82.963
2457290.821306997910 20150622 02:17:41.4 294.901 83.136
2457290.821306997910 20150622 02:18:41.4 295.050 83.309
2457290.821306997910 20150622 02:19:41.4 295.199 83.481
2457290.821306997910 20150622 02:20:41.4 295.349 83.653
2457290.821306997910 20150622 02:21:41.4 295.499 83.825
2457290.821306997910 20150622 02:22:41.4 295.649 83.996
2457290.821306997910 20150622 02:23:41.4 295.799 84.168
2457290.821306997910 20150622 02:24:41.4 295.950 84.338
2457290.821306997910 20150622 02:25:41.4 296.101 84.509
2457290.821306997910 20150622 02:26:41.4 296.252 84.679
2457290.821306997910 20150622 02:27:41.4 296.403 84.848
2457290.821306997910 20150622 02:28:41.4 296.554 85.018
2457290.821306997910 20150622 02:29:41.4 296.706 85.186
2457290.821306997910 20150622 02:30:41.4 296.858 85.355
2457290.821306997910 20150622 02:31:41.4 297.010 85.523
2457290.821306997910 20150622 02:32:41.4 297.162 85.690
2457290.821306997910 20150622 02:33:41.4 297.315 85.858
2457290.821306997910 20150622 02:34:41.4 297.467 86.024
2457290.821306997910 20150622 02:35:41.4 297.620 86.190
2457290.821306997910 20150622 02:36:41.4 297.774 86.356
2457290.821306997910 20150622 02:37:41.4 297.927 86.521
2457290.821306997910 20150622 02:38:41.4 298.081 86.685
2457290.821306997910 20150622 02:39:41.4 298.235 86.849
2457290.821306997910 20150622 02:40:41.4 298.389 87.013
2457290.821306997910 20150622 02:41:41.4 298.544 87.175
2457290.821306997910 20150622 02:42:41.4 298.698 87.337
2457290.821306997910 20150622 02:43:41.4 298.853 87.498
2457290.821306997910 20150622 02:44:41.4 299.009 87.659
2457290.821306997910 20150622 02:45:41.4 299.164 87.818
2457290.821306997910 20150622 02:46:41.4 299.320 87.977
2457290.821306997910 20150622 02:47:41.4 299.476 88.135
2457290.821306997910 20150622 02:48:41.4 299.632 88.292
2457290.821306997910 20150622 02:49:41.4 299.789 88.448
2457290.821306997910 20150622 02:50:41.4 299.946 88.602
2457290.821306997910 20150622 02:51:41.4 300.103 88.756
2457290.821306997910 20150622 02:52:41.4 300.260 88.908
2457290.821306997910 20150622 02:53:41.4 300.418 89.059
2457290.821306997910 20150622 02:54:41.4 300.576 89.209
2457290.821306997910 20150622 02:55:41.4 300.734 89.357
2457290.821306997910 20150622 02:56:41.4 300.892 89.504
2457290.821306997910 20150622 02:57:41.4 301.051 89.649
2457290.821306997910 20150622 02:58:41.4 301.210 89.793
2457290.821306997910 20150622 02:59:41.4 301.370 89.935
